7.344455578422450781e-01
7.325711915955624987e-01
7.344051221948407759e-01
7.342528419127374306e-01
7.305696412079719648e-01
7.352361422461195506e-01
7.300337061845082465e-01
7.315061116062945290e-01
7.335878258284407316e-01
7.347280328756967682e-01
7.355257242293303799e-01
7.340965709818888518e-01
7.343058842144225551e-01
7.335192008196548263e-01
7.336550152736571739e-01
7.347982383247227967e-01
7.329236366194998853e-01
7.337081394986951777e-01
7.357256809699844746e-01
7.333500284082757892e-01
7.348156231496774105e-01
7.326199734134141162e-01
7.274485129490424473e-01
7.333501829290266505e-01
7.364137429062109774e-01
7.342708503061008418e-01
7.317322899140018544e-01
7.343201010252562444e-01
7.338306195492366735e-01
7.328860892300537166e-01
7.305777014539933667e-01
7.338171463813409900e-01
7.341874846646319064e-01
7.333140537287868854e-01
7.325351327562903414e-01
7.340164110845842638e-01
7.327838933138222099e-01
7.317415477550339720e-01
7.336238425279471009e-01
7.335011968210845001e-01
7.308723212077277154e-01
7.321041137460447823e-01
7.326275896835895418e-01
7.316662648638756483e-01
7.322196045167306266e-01
7.327790264754536764e-01
7.341419186928660467e-01
7.348304561983054484e-01
7.333460102457434182e-01
7.328321032755004127e-01
7.345084509438212228e-01
7.330697876140497282e-01
7.376134806295256974e-01
7.323965752739487467e-01
7.340930545051439493e-01
7.332341397828495699e-01
7.374182465166913003e-01
7.335251213650136881e-01
7.339379952077365044e-01
7.345335687237806166e-01
7.324967437966272144e-01
7.310804680344589190e-01
7.340921657893534347e-01
7.319274211286145304e-01
7.343554035803047109e-01
7.337464440837464519e-01
7.311137991690502824e-01
7.314830131331644392e-01
7.333523757575884927e-01
7.321866499114541016e-01
7.332163459722003118e-01
7.364911530031854614e-01
7.323508510796690185e-01
7.313957980850657181e-01
7.335726353496077046e-01
7.326581509422499527e-01
7.349943984016051868e-01
7.351603810934804750e-01
7.356988632126822969e-01
7.339026042167313690e-01
7.309931233347612967e-01
7.338022005648365820e-01
7.323072704896015361e-01
7.331542542486433334e-01
7.357293226694306965e-01
7.324241515297259530e-01
7.326349154138777076e-01
7.308330599122512261e-01
7.367552943740378613e-01
7.348891543886535427e-01
7.338781318883211835e-01
7.336200819311970989e-01
7.336257048029052319e-01
7.327977550008315522e-01
7.325623120746672656e-01
7.352309932161369410e-01
7.329324340426238704e-01
7.321126092517757922e-01
7.338309530390036972e-01
7.336944986542719427e-01
7.337996125866603769e-01
7.335098610771373373e-01
7.322613649315254936e-01
7.326560355471871677e-01
7.346053577441278293e-01
7.359796127130553423e-01
7.316431226244722863e-01
7.349128561038877905e-01
7.325806992086220104e-01
7.342601222246729620e-01
7.302048225667879811e-01
7.326529055936629176e-01
7.329578022005056592e-01
7.323725246020643675e-01
7.362467431818158214e-01
7.312257472167728034e-01
7.338146441394191033e-01
7.338231618621749996e-01
7.337945050119667467e-01
7.342957107528041982e-01
7.326015486929755571e-01
7.313610082071124729e-01
7.342685322209372423e-01
7.332567628597137510e-01
7.310967921022472060e-01
7.349499323246462268e-01
7.316374356722036287e-01
7.331028598093336512e-01
7.331071143442464688e-01
7.340466065652598848e-01
7.348769370663532641e-01
7.345597127537434323e-01
7.302712020516248792e-01
7.355020648481785939e-01
7.313215921003358710e-01
7.341680699726746973e-01
7.340516458019321622e-01
7.344439125152163461e-01
7.336183587120738148e-01
7.357016346272261531e-01
7.346212749718120660e-01
7.320565600742017232e-01
7.335715178679510506e-01
7.309665884731286756e-01
7.338545421268745095e-01
7.334250844641797551e-01
7.350193659870197793e-01
7.323421965830391178e-01
7.328409603716238285e-01
7.328341221825185325e-01
7.332654898335645433e-01
7.330227952101129318e-01
7.346235754024071918e-01
7.325707084803354530e-01
7.335741380410686352e-01
7.344295549766191034e-01
7.342527119962327653e-01
7.340696743392204349e-01
7.302023724260687798e-01
7.304117353692667347e-01
7.335302404987058544e-01
7.332085754582562398e-01
7.340395466782223544e-01
7.351844182122353466e-01
7.331078492336342567e-01
7.335800514984760490e-01
7.366118158477220623e-01
7.327491555175567051e-01
7.336368496471827871e-01
7.352665467272933020e-01
7.350957837568599107e-01
7.322159516717580141e-01
7.332511518032459596e-01
7.334520746806464375e-01
7.312484559104754922e-01
7.346571570878266400e-01
7.378873521692032034e-01
7.324759222360024413e-01
7.311370679498984115e-01
7.324737635824435378e-01
7.324851381011047158e-01
7.364047885130545756e-01
7.328707901410125292e-01
7.333899498733350564e-01
7.346887780216976305e-01
7.326806621338096681e-01
7.337515569498651580e-01
7.356507075131175633e-01
7.333006156061578906e-01
7.336699566523651184e-01
7.324980538687743126e-01
7.320682803376228343e-01
7.329088114372982465e-01
7.312988522000639646e-01
7.327217783972865828e-01
7.326930018481944140e-01
7.339738545566113492e-01
7.305543889760290899e-01
7.342865162665676015e-01
7.353577113826538225e-01
7.327803012392450910e-01
7.318283765723767598e-01
7.324136366426836631e-01
7.310869337552524660e-01
7.317050636362355531e-01
7.333635873130668337e-01
7.299939154729263580e-01
7.344731768459303867e-01
7.339186668293132820e-01
7.325255380555037998e-01
7.333183665094642478e-01
7.345137132768397858e-01
7.333955156836481359e-01
7.334719902354516208e-01
7.354860129618526754e-01
7.346309654102335385e-01
7.373504182239295490e-01
7.318439940058408810e-01
7.357759695121700583e-01
7.329071470075235739e-01
7.342274054015927032e-01
7.350562316063372625e-01
7.310382910825745650e-01
7.324325512330084331e-01
7.335858622872575285e-01
7.319974015428950542e-01
7.337580122547524564e-01
7.344792578631419433e-01
7.319892291265012174e-01
7.326910105817630026e-01
7.336465004266974343e-01
7.331627900110043727e-01
7.333002269776432991e-01
7.320974543766229914e-01
7.339541373327671536e-01
7.346656480585744831e-01
7.344718386644928376e-01
7.311473072076385415e-01
7.354243250955755373e-01
7.342419160679591883e-01
7.340882604908008924e-01
7.327207873615209088e-01
7.316427782183734241e-01
7.334362088623982423e-01
7.308807059788521299e-01
7.326788777772247352e-01
7.337573400743472307e-01
7.345373031190309820e-01
7.313984638916058989e-01
7.343927113404250528e-01
7.340989593652758050e-01
7.331427983825342665e-01
7.349385273535440355e-01
7.307347121892587838e-01
7.332914892980477717e-01
7.306679617503970547e-01
7.336480375201259729e-01
7.362635397540546744e-01
7.319254760566199502e-01
7.324409049342318623e-01
7.339691865272427451e-01
7.301224807165802577e-01
7.325189299691238221e-01
7.335079883027904035e-01
7.356596265331725171e-01
7.316471151817763863e-01
7.331930341254765393e-01
7.333399207549410326e-01
7.352864268613854559e-01
7.340988736031345274e-01
7.352485346061552463e-01
7.329450210589179004e-01
7.337101524493265803e-01
7.318726435282175702e-01
7.329918998692325216e-01
7.333309355988566480e-01
7.329754514684225786e-01
7.339871285223446007e-01
7.358349548206613022e-01
7.340056367108962476e-01
7.350070444743730391e-01
7.315842885884723534e-01
7.318556322912503909e-01
7.334667596659034672e-01
7.355040704348517755e-01
7.348430052159573567e-01
7.304872484859530335e-01
7.349001494371575349e-01
7.336407938315765431e-01
7.344567519620763818e-01
7.338832420369393317e-01
7.329618747610919804e-01
7.326614763237905281e-01
7.321959885836530901e-01
7.346435718482994259e-01
7.326319762401444224e-01
7.312637864884087291e-01
7.330009762436504595e-01
7.357286523050664551e-01
7.335946994495866624e-01
7.349577395028570326e-01
7.337590338460872053e-01
7.338077524779325067e-01
7.351786392057256814e-01
7.336499524741907363e-01
7.295730424736329711e-01
7.329170467982385473e-01
7.323921654338869658e-01
7.336437309819614505e-01
7.355844632646182379e-01
7.361108465184509342e-01
7.318835272908928991e-01
7.294128409136997337e-01
7.334625827291457734e-01
7.337628316777989879e-01
7.350650435118594173e-01
7.350350236742135834e-01
7.356540451977541251e-01
7.312213120642643283e-01
7.320787228364484811e-01
7.322522399236065516e-01
7.358562628889036006e-01
7.340353257775533713e-01
7.328700720838522420e-01
7.349405682641204640e-01
7.328248421512407740e-01
7.351680101835295078e-01
7.329236656080638790e-01
7.338003936924425430e-01
7.341897859492703127e-01
7.336905368402794059e-01
7.321481997303600497e-01
7.341793117943823388e-01
7.341489737225070922e-01
7.300904415032785089e-01
7.309868442307004832e-01
7.285902383434831320e-01
7.330614870629413860e-01
7.340717744476308315e-01
7.312009180967825595e-01
7.352806561638207672e-01
7.338910448303449519e-01
7.355618097110584452e-01
7.310172802578740470e-01
7.322411626243026106e-01
7.340090412645122742e-01
7.326814644669468191e-01
7.343118490928851605e-01
7.324879287862176014e-01
7.332741187538016625e-01
7.328204553368665719e-01
7.351525690808193847e-01
7.298148638608695782e-01
7.306562044664284272e-01
7.296699119124103738e-01
7.340133161800128647e-01
7.350557242708680716e-01
7.351732433908976239e-01
7.322121466144757562e-01
7.344894878818073458e-01
7.328739615355204240e-01
7.361599263645722813e-01
7.331103040964258577e-01
7.340645680276455254e-01
7.349180177231224853e-01
7.312231631378002250e-01
7.313088215475210818e-01
7.324840694737481117e-01
7.341317316237109258e-01
7.316865527630209698e-01
7.315259626895498357e-01
7.366935844734833205e-01
7.344305027320361390e-01
7.331986045513594341e-01
7.342602777955278270e-01
7.336052837274152916e-01
7.335701972786405900e-01
7.323624706186314670e-01
7.302720086752616524e-01
7.320852540118983898e-01
7.324975016010182305e-01
7.357728466069989315e-01
7.313339953533700699e-01
7.327576500929871006e-01
7.333859146202016399e-01
7.349176913120103460e-01
7.318873717092524434e-01
7.336563138359338820e-01
7.307862331926102684e-01
7.347111754396068450e-01
7.335796582509001018e-01
7.333576251106506128e-01
7.334938109549216101e-01
7.355793683835252228e-01
7.310313152138609993e-01
7.319792020534263699e-01
7.314782401734756245e-01
7.326284511472720418e-01
7.336569175764330319e-01
7.347900452374226399e-01
7.348174201443170572e-01
7.318383246152160293e-01
7.354965598717622122e-01
7.349753785874709733e-01
7.327304185240283152e-01
7.348313080321875468e-01
7.324336968325602104e-01
7.363663894212512107e-01
7.308388704073003339e-01
7.321282455813196144e-01
7.330813949958681075e-01
7.348630175042167867e-01
7.303893868708636328e-01
7.323698035395244110e-01
7.324624712584567598e-01
7.349997057579070736e-01
7.308528189360904426e-01
7.296157226448897193e-01
7.320719323797149070e-01
7.361444993854624474e-01
7.369401983648998788e-01
7.314980303408875617e-01
7.368656915852217493e-01
7.369456297779796161e-01
7.341052335411915042e-01
7.333060727421577552e-01
7.331083997217123782e-01
7.328241069174744604e-01
7.305230598067089520e-01
7.345460218047736856e-01
7.321923887087975480e-01
7.340811062343826077e-01
7.334241219480055474e-01
7.320924749735131520e-01
7.346833004052983895e-01
7.318877041804270345e-01
7.325893556325910883e-01
7.297236739504546765e-01
7.348430750748864426e-01
7.378945834368978440e-01
7.320963156712096964e-01
7.330646376997320690e-01
7.335049145684185978e-01
7.322664521932189530e-01
7.332393828842196370e-01
7.362977658453953023e-01
7.334582682960074651e-01
7.328181913081325272e-01
7.320183923250208613e-01
7.335303495403266982e-01
7.348520100645574704e-01
7.333005109224031148e-01
7.350167837161788453e-01
7.296065173204268062e-01
7.347173601156823386e-01
7.316902499882279587e-01
7.323024375172880740e-01
7.350303689810017138e-01
7.343296992913218579e-01
7.326377619575359379e-01
7.292135105051026356e-01
7.333557628073399393e-01
7.300707123195789849e-01
7.306216795005774367e-01
7.313258479276918411e-01
7.312250683618731761e-01
7.348612726860133115e-01
7.354465469368400843e-01
7.326473202923018402e-01
7.343770256570337773e-01
7.308792490371219808e-01
7.326900675508383198e-01
7.345592382770153028e-01
7.322218907499786766e-01
7.324114011124003287e-01
7.347086598822651915e-01
7.328914766637646405e-01
7.339110370517712978e-01
7.341822537203308574e-01
7.317716143699061204e-01
7.324791267628492086e-01
7.296997498896536927e-01
7.274493551261137503e-01
7.311935887910784304e-01
7.324790389373978527e-01
7.347363600551060081e-01
7.304712413038357832e-01
7.344393551403554099e-01
7.317454479137768253e-01
7.347416040229547418e-01
7.312221193795948038e-01
7.306327635054598035e-01
7.346112940323528129e-01
7.317459396742284072e-01
7.291992308388354216e-01
7.333053346724736077e-01
7.328966667056521223e-01
7.316899143416560891e-01
7.351060111824827548e-01
7.346529648086980169e-01
7.301219398546591188e-01
7.339341855015775185e-01
7.354364688372454495e-01
7.354179255269482907e-01
7.331251977475369275e-01
7.301563432967873579e-01
7.360616835145047387e-01
7.357947027479861957e-01
7.325661841638811955e-01
7.326743317640401765e-01
7.348971394660708256e-01
7.347347210872186007e-01
7.310138811332909103e-01
7.305271534188352289e-01
7.344591800621308453e-01
7.319841037519708715e-01
7.346926602901892034e-01
7.341759281628914557e-01
7.303692817636447954e-01
7.335970109672382833e-01
7.358054612879874057e-01
7.322436559376058751e-01
7.329360389575263479e-01
7.356624027739940841e-01
7.335515258206285472e-01
7.314240840956733880e-01
7.340620000523482291e-01
7.347055767483091637e-01
7.352403676542694777e-01
7.326354819512433947e-01
7.303985872715041960e-01
7.319419804258952000e-01
7.337995261416180304e-01
7.348446768346725833e-01
7.297275587651388395e-01
7.314244916891599058e-01
7.354153973828176927e-01
7.341006324764797197e-01
7.330219019480147535e-01
7.364850885080512777e-01
7.377396653988521624e-01
7.345064151200741964e-01
7.339784668837729953e-01
7.303770015909468727e-01
7.306147661034512186e-01
7.312608249223431223e-01
7.326729281701013230e-01
7.341006150742849234e-01
7.331155894610269508e-01
7.344836141624011550e-01
7.316854976909737962e-01
7.315009252876074619e-01
7.333209555678592562e-01
7.330742548969851891e-01
7.326792868827104455e-01
7.340289597853839609e-01
7.351985892145230794e-01
7.325662585859695763e-01
7.344750263214292474e-01
7.343646134769734601e-01
7.338147277095635745e-01
7.339384479402055739e-01
7.345491157180648045e-01
7.343505255824130940e-01
7.345149385036289225e-01
7.344232250546584018e-01
7.337219768928997521e-01
7.341515996810485944e-01
7.319314626094135523e-01
7.330801601831193892e-01
7.337720010667957427e-01
7.315079478385312362e-01
7.352205788741302817e-01
7.321098821582291416e-01
7.327595012558627552e-01
7.347631552408407929e-01
7.337866279852823803e-01
7.334651466845377721e-01
7.314519469586715505e-01
7.324953328351081483e-01
7.328178755569647596e-01
7.330754203973079974e-01
7.334209479563156275e-01
7.317148084046046774e-01
7.323116196721882742e-01
7.346196451726816345e-01
7.317132142137168227e-01
7.339277981435078368e-01
7.353061634527453538e-01
7.330376037696227920e-01
7.341554316564168348e-01
7.336534053877308281e-01
7.318475202633704102e-01
7.332366810733458307e-01
7.348753124750382337e-01
7.341807084233286096e-01
7.337612472899271987e-01
7.306665371691464239e-01
7.335753986240229896e-01
7.341841551548365929e-01
7.314847444647196717e-01
7.350295319612578648e-01
7.357202018962804013e-01
7.318653597070440275e-01
7.339265766431877225e-01
7.337271363388815359e-01
7.377201341086050412e-01
7.341326619278546461e-01
7.309213467150287302e-01
7.330664160247197803e-01
7.333750538023487975e-01
7.328388767001028370e-01
7.311786587268030990e-01
7.331440830417347287e-01
7.356337031145291361e-01
7.322761773123016571e-01
7.329365253493250743e-01
7.316149111411107686e-01
7.340610749034019999e-01
7.355817015963910244e-01
7.305047191257219019e-01
7.347480683053932982e-01
7.342872422787717346e-01
7.347947214200258870e-01
7.333718576063146255e-01
7.351805702551625910e-01
7.334343922885550038e-01
7.351623008240387724e-01
7.302993525888225035e-01
7.339637965438680078e-01
7.324481400661638775e-01
7.351715464553680857e-01
7.337670986139066542e-01
7.357144769873248391e-01
7.316700248438815501e-01
7.311155722234767840e-01
7.356492763771088628e-01
7.338552471692724177e-01
7.315810601357479737e-01
7.340757296073255889e-01
7.334091908367079693e-01
7.345552317234370632e-01
7.331289574347200633e-01
7.344384879118814879e-01
7.326675673139327882e-01
7.343125485355213034e-01
7.337440105554638992e-01
7.343666949207114936e-01
7.347417255554766768e-01
7.346753379020737329e-01
7.345333926800917679e-01
7.312469838096409269e-01
7.321860459402995680e-01
7.301991843349945333e-01
7.330296643260107992e-01
7.335713765184826984e-01
7.329899318963422061e-01
7.353479010258395787e-01
7.324917774328010278e-01
7.312313556128595682e-01
7.355565453481662797e-01
7.348058893007552994e-01
7.350517360374714260e-01
7.336772244213570771e-01
7.345646909986902617e-01
7.356987741809930537e-01
7.317228211918489489e-01
7.332033755345921389e-01
7.295617955932552912e-01
7.300282863714681048e-01
7.350861225206567484e-01
7.351698949102867253e-01
7.344255494694756914e-01
7.364481578506720805e-01
7.343437681127841232e-01
7.294311397651442874e-01
7.337746652683300175e-01
7.320690408707464236e-01
7.343160488553323040e-01
7.309130645677989202e-01
7.366736286266075684e-01
7.344299889870394837e-01
7.355238813206912418e-01
7.318231798996082116e-01
7.305768259874548809e-01
7.336704833507451395e-01
7.343570314797555065e-01
7.342295670742797764e-01
7.338295151953948547e-01
7.339182334725622425e-01
7.343322456780974061e-01
7.342181340807937273e-01
7.344031223715534740e-01
7.293227990680465345e-01
7.347491555718845824e-01
7.334243333046422952e-01
7.350918455559882769e-01
7.348515050562083317e-01
7.346514802787967868e-01
7.342892846415652874e-01
7.343729418767378503e-01
7.339739087303600584e-01
7.338416318373062186e-01
7.338891745005919898e-01
7.343363477761104541e-01
7.323777477176668382e-01
7.333293473408085683e-01
7.331065508949412557e-01
7.346007933110336729e-01
7.329853097492762259e-01
7.324832961398370923e-01
7.340006970981195478e-01
7.343280005507099029e-01
7.313153265918156398e-01
7.298258097342509298e-01
7.312720069961631264e-01
7.339207991691889532e-01
7.323307586133235292e-01
7.331284214748945427e-01
7.322773356037628467e-01
7.333832707917663507e-01
7.296572732840943543e-01
7.343187191897393440e-01
7.337630337548552983e-01
7.324882756275865603e-01
7.288454385607562314e-01
7.315527018682830285e-01
7.320594650981909757e-01
7.323378935850201055e-01
7.339826087163630053e-01
7.319187456751370391e-01
7.327690754526786643e-01
7.327430763826506821e-01
7.325017288128327086e-01
7.348086209106665656e-01
7.303812348982566816e-01
7.334322191145647984e-01
7.322693445664503198e-01
7.339019792606265025e-01
7.294926690248558776e-01
7.336339917729691740e-01
7.339551228806705518e-01
7.300286132484821167e-01
7.364852315135020921e-01
7.347145189212187510e-01
7.335447264980758941e-01
7.351429280114040177e-01
7.298157733851655671e-01
7.319674991936090391e-01
7.312042849450071103e-01
7.340257599422045365e-01
7.317813901472152160e-01
7.306961041299382398e-01
7.344022975445114731e-01
7.349796929305867366e-01
7.327640888739622715e-01
7.335397461546346864e-01
7.344516950295135738e-01
7.335827470020883645e-01
7.347260449245641700e-01
7.312287541655493328e-01
7.341349146449532848e-01
7.318565937312012659e-01
7.313734655679899888e-01
7.302924590842020391e-01
7.322669433436710396e-01
7.330207728564145375e-01
7.323862083374615972e-01
7.332137661425965902e-01
7.329874008226940907e-01
7.336695692969803506e-01
7.304273957850143661e-01
7.333464780975295083e-01
7.343835452976065215e-01
7.359635130604164077e-01
7.326329611188161506e-01
7.323713261349455994e-01
7.312888257717079510e-01
7.350544266382302849e-01
7.336160584600981416e-01
7.318715330367630001e-01
7.366691326794360117e-01
7.327821152391618131e-01
7.320545564971796537e-01
7.332490097800780093e-01
7.322061435408480090e-01
7.347282490471377381e-01
7.327168748325122438e-01
7.348960517416935900e-01
7.305836370522315049e-01
7.341174736017731517e-01
7.354112949514350905e-01
7.317990734522132890e-01
7.289291741566265026e-01
7.320337094605205985e-01
7.324382993355220695e-01
7.339732735787208862e-01
7.332723523721098591e-01
7.325552116633869959e-01
7.331690286724281691e-01
7.341545804944574760e-01
7.351212607952366529e-01
7.339798021065140343e-01
7.335329067735061326e-01
7.323490918307251629e-01
7.304926066791089800e-01
7.318523210800280676e-01
7.333952114686697055e-01
7.314737090986017654e-01
7.362145045461802040e-01
7.303721523147013173e-01
7.335660243563003613e-01
7.344800803154456492e-01
7.347547294391437722e-01
7.349995571124602334e-01
7.335620950470388424e-01
7.320103666604050874e-01
7.347566244171429561e-01
7.316284306080795830e-01
7.338006800851216704e-01
7.328848278023423202e-01
7.344495238627067879e-01
7.310466107030838545e-01
7.322577779964456468e-01
7.351817490850233172e-01
7.321659319223844387e-01
7.323730634950039731e-01
7.336520110031784503e-01
7.357558817211924396e-01
7.337175598442755575e-01
7.338875002811944270e-01
7.340864591779231452e-01
7.291709793471875534e-01
7.317966978772474373e-01
7.328946729662795256e-01
7.344676615217641258e-01
7.353458478337948634e-01
7.351537155285308156e-01
7.364205169101145643e-01
7.353618444021486900e-01
7.318059814505494254e-01
7.300670047017332465e-01
7.339956969370919904e-01
7.337201202921560528e-01
7.329461025021735132e-01
7.311745889544716270e-01
7.363465654859443488e-01
7.298023677131892928e-01
7.312032434748446663e-01
7.301231944998195500e-01
7.330946457963164464e-01
7.344618156862375846e-01
7.317042835404660162e-01
7.346589557351446143e-01
7.316361059853427884e-01
7.328264343363332101e-01
7.339729384483186791e-01
7.369660643141103806e-01
7.313533627352789557e-01
7.327778040450562136e-01
7.320656597604354721e-01
7.329906615553724025e-01
7.341779388558632435e-01
7.356848568485729878e-01
7.319169069077712253e-01
7.365359625686872524e-01
7.330642755923122422e-01
7.310049280481443201e-01
7.330439753652879808e-01
7.315755441051627894e-01
7.332628316045706196e-01
7.329614592578653776e-01
7.297193868755175172e-01
7.332830961852910834e-01
7.313064689581217914e-01
7.359538337037980771e-01
7.289651943669823719e-01
7.340898726927906903e-01
7.347066423135534263e-01
7.316066470722443205e-01
7.336532287187911283e-01
7.321340574842798432e-01
7.350732029514231991e-01
7.320988803785877241e-01
7.331329495813388997e-01
7.336094547150271428e-01
7.331280849062277172e-01
7.344655161484853201e-01
7.338455146814163443e-01
7.329296335569172038e-01
7.350097053948867476e-01
7.311945019953670633e-01
7.339549075172305814e-01
7.327971679086123791e-01
7.317236306233367849e-01
7.345362821824592547e-01
7.348515503837373952e-01
7.329818777405300301e-01
7.335286615254223985e-01
7.327660329512630799e-01
7.292920215852216614e-01
7.340548274552325392e-01
7.341687611751428477e-01
7.335203310873087412e-01
7.296489704927965336e-01
7.301956643060960594e-01
7.327520597317248585e-01
7.358346379535911641e-01
7.366082911430730240e-01
7.344507194084503032e-01
7.335250023812525111e-01
7.374264196769608759e-01
7.335664530428810393e-01
7.295812192903181614e-01
7.308757014661186879e-01
7.363963250195787458e-01
7.323109808367822549e-01
7.316706780457911119e-01
7.330984210272140089e-01
7.315907066180308282e-01
7.335447908597907407e-01
7.322846665162560109e-01
7.337755404244791224e-01
7.336795058073984910e-01
7.345310185399869241e-01
7.317693594851075733e-01
7.312200044439002289e-01
7.337229501182256364e-01
7.346627159677383556e-01
7.327057493744836281e-01
7.302367511951947110e-01
7.321503674773950365e-01
7.326831990257273164e-01
7.353864201904597442e-01
7.321972397140059652e-01
7.334409482428773108e-01
7.302534251854736480e-01
7.324334792087822121e-01
7.325902043214123083e-01
7.316262309846898182e-01
7.309203944647361118e-01
7.344880541712347499e-01
7.299082724526114729e-01
7.311684616124763947e-01
7.321980508951959621e-01
7.337804033911203838e-01
7.341492391628704484e-01
7.313877125466616835e-01
7.347132443411588110e-01
7.333731324088311743e-01
7.316096659029841520e-01
7.347238437123955190e-01
7.317410471103260594e-01
7.292624606495439199e-01
7.326674816108207366e-01
7.301137484120489018e-01
7.342419952472685196e-01
7.353080489685615007e-01
7.342849653731210458e-01
7.336909161552482850e-01
7.346531899922258413e-01
7.303817840367253789e-01
7.308496247744989960e-01
7.351619999108525150e-01
7.337236856448945410e-01
7.312385129901591840e-01
7.306413935186151232e-01
7.308583603399666506e-01
7.351435757340717414e-01
7.344824520504741328e-01
7.323711042255509618e-01
7.332332029354764469e-01
7.332417979056111701e-01
7.347865914790711050e-01
7.313302939447375861e-01
7.351607427801700734e-01
7.335397538142612861e-01
7.313329814629324632e-01
7.356906439311310386e-01
7.335058626677396498e-01
7.354741142194295422e-01
7.360596977626737702e-01
7.344166015537932912e-01
7.331813781295687393e-01
7.349235055372160819e-01
7.341707721494480365e-01
7.371540794897541993e-01
7.339268078934703121e-01
7.330186835591090411e-01
7.324281703002855082e-01
7.346142375926689727e-01
7.303327948826210392e-01
7.339405329499185671e-01
7.347187229506665362e-01
7.323407448889593940e-01
7.353425903357464488e-01
7.357634434415690761e-01
7.320563733056411060e-01
7.325554620547676254e-01
7.317374270904218880e-01
