1.837334187003093477e+00 5.000214571876526737e-01 9.502152550210002380e-02
2.207745123938698040e+00 6.073216053974523909e-01 9.449810912646162964e-02
2.517356295682616985e+00 7.517334758336029488e-01 7.634807356853920424e-02
2.814203825119649949e+00 9.551642163166313981e-01 6.700510602728936005e-02
3.173867049954938846e+00 1.352924185760880027e+00 6.283323498548745722e-02
3.358278395606683286e+00 1.656636376491440910e+00 8.163384904131111564e-02
3.659122624727635387e+00 2.244012865925847588e+00 6.720540163331949202e-02
4.026468123874847649e+00 2.669270376454484506e+00 8.125869043632877320e-02
4.170478114680586934e+00 2.533029054035103478e+00 6.892276793910832866e-02
4.533644024422836871e+00 1.698345520493638627e+00 6.548367393686309323e-02
4.943895703181453882e+00 8.989423556607534227e-01 5.192345911835490047e-02
5.186312881640529504e+00 6.257634493093381378e-01 8.348559575484222617e-02
5.438398610780740938e+00 4.415608826748657068e-01 8.706679872852976509e-02
5.691327249481045847e+00 3.183533875207684161e-01 7.785563801105906123e-02
