0.000000000000000000e+00 9.995608073198061447e+02 2.010880856634203795e+00
1.000000000000000000e+00 9.989000304105954910e+02 1.635795591692006834e+00
2.000000000000000000e+00 9.990060216805485425e+02 2.196269491332777601e+00
3.000000000000000000e+00 1.001145019684710974e+03 2.727748014799645127e+00
4.000000000000000000e+00 1.000325729760938771e+03 3.133910015053178011e+00
5.000000000000000000e+00 9.996966972703230567e+02 2.582352105425600453e+00
6.000000000000000000e+00 1.001185862556614097e+03 3.610132155324399239e+00
7.000000000000000000e+00 9.988642623323200951e+02 3.990053363012680876e+00
8.000000000000000000e+00 1.000437143482329930e+03 4.138951037265467647e+00
9.000000000000000000e+00 9.997121768891632883e+02 4.065402221831392993e+00
1.000000000000000000e+01 9.998270261017927396e+02 4.065727850605284743e+00
1.100000000000000000e+01 1.000965868351814720e+03 4.418148420465375814e+00
1.200000000000000000e+01 9.995462363367937542e+02 2.086260784909980348e+00
1.300000000000000000e+01 9.998277159350965348e+02 4.191409335069876008e+00
1.400000000000000000e+01 9.997391408396299539e+02 2.868036357268816339e+00
1.500000000000000000e+01 9.996997858726948607e+02 3.100581750743879539e+00
1.600000000000000000e+01 9.994488473562142872e+02 4.001916818957766075e+00
1.700000000000000000e+01 1.000306724780818513e+03 2.653736388738097141e+00
1.800000000000000000e+01 9.985763846692332208e+02 2.203381851084773579e+00
1.900000000000000000e+01 1.001307855283192339e+03 1.830367272051301120e+00
2.000000000000000000e+01 9.994477788298243013e+02 3.733641562551535564e+00
2.100000000000000000e+01 1.001323711961507342e+03 2.828454877578798765e+00
2.200000000000000000e+01 9.989779317670313503e+02 2.992168487437034230e+00
2.300000000000000000e+01 9.989108166430121400e+02 4.285277418619901191e+00
2.400000000000000000e+01 9.996794307426688420e+02 2.803714930261759442e+00
2.500000000000000000e+01 9.995316088565639348e+02 3.519255602155442642e+00
2.600000000000000000e+01 1.001489465965241038e+03 4.293321083141394823e+00
2.700000000000000000e+01 9.990306379092597808e+02 2.485797284494362103e+00
2.800000000000000000e+01 9.992218459646275051e+02 2.108402591512725799e+00
2.900000000000000000e+01 1.000751406739915751e+03 3.220350739074319790e+00
3.000000000000000000e+01 1.000517685400707251e+03 3.036311141027919547e+00
3.100000000000000000e+01 1.000653489026880834e+03 1.864845433477076986e+00
3.200000000000000000e+01 9.998120851437173542e+02 2.709866594021734354e+00
3.300000000000000000e+01 9.999231471490211334e+02 3.153019686174220571e+00
3.400000000000000000e+01 1.000716413396654730e+03 2.613263081573152569e+00
3.500000000000000000e+01 9.989525770151838060e+02 2.384196868274397474e+00
3.600000000000000000e+01 9.991574353029133135e+02 3.335361196897633107e+00
3.700000000000000000e+01 1.000347690212909015e+03 1.976488554958454547e+00
3.800000000000000000e+01 9.998709257510558928e+02 4.263629257890887203e+00
3.900000000000000000e+01 1.000707832546112286e+03 2.073187484299359173e+00
4.000000000000000000e+01 1.001445847111276066e+03 3.349200466686776068e+00
4.100000000000000000e+01 9.985421706012264167e+02 3.349643434839245426e+00
4.200000000000000000e+01 1.001124471521464443e+03 3.461614455824318703e+00
4.300000000000000000e+01 9.987620354545805412e+02 2.293336005939264677e+00
4.400000000000000000e+01 1.000570274583717946e+03 2.308220114756178720e+00
4.500000000000000000e+01 9.985323068242634008e+02 3.068768851461304070e+00
4.600000000000000000e+01 9.988803545317630324e+02 1.741568657218820704e+00
4.700000000000000000e+01 1.000277730228680980e+03 4.487561561845677893e+00
4.800000000000000000e+01 1.000094454463889406e+03 3.757707741912055255e+00
4.900000000000000000e+01 1.000344024370773695e+03 3.388782961032384300e+00
5.000000000000000000e+01 9.994712717558408031e+02 2.264426919544697103e+00
5.100000000000000000e+01 1.000463056631233371e+03 3.371594623411913627e+00
5.200000000000000000e+01 9.998166043981134408e+02 3.735962041489297558e+00
5.300000000000000000e+01 1.001339551983272713e+03 2.148465674748464949e+00
5.400000000000000000e+01 1.000022431970387061e+03 4.299221087389319962e+00
5.500000000000000000e+01 9.986806990468936647e+02 3.985133452026913936e+00
5.600000000000000000e+01 9.996694139141234245e+02 3.348385545096935090e+00
5.700000000000000000e+01 1.000067903083034253e+03 3.132424490261636052e+00
5.800000000000000000e+01 1.000182475713812892e+03 2.047714719357760060e+00
5.900000000000000000e+01 9.991258622526815998e+02 4.254394610544484756e+00
6.000000000000000000e+01 9.986627700764017845e+02 1.553568169484309092e+00
6.100000000000000000e+01 9.988855885634367269e+02 3.442387785268889111e+00
6.200000000000000000e+01 9.988360630379813756e+02 2.180816878306148787e+00
6.300000000000000000e+01 9.994239400439817018e+02 2.414083590948277180e+00
6.400000000000000000e+01 9.997413751707867959e+02 3.024310586102697762e+00
6.500000000000000000e+01 1.001140692374690843e+03 3.134844648571553094e+00
6.600000000000000000e+01 9.995097195750236097e+02 3.178449505693147437e+00
6.700000000000000000e+01 1.000070702385952472e+03 3.327233041325020402e+00
6.800000000000000000e+01 9.992204374542099004e+02 3.501200026369063689e+00
6.900000000000000000e+01 1.000533390513654695e+03 2.137562711762737599e+00
7.000000000000000000e+01 1.001359189493584267e+03 1.520251050966380024e+00
7.100000000000000000e+01 1.000254214787016508e+03 2.148838154805798872e+00
7.200000000000000000e+01 9.994030688782255538e+02 1.546870402301507852e+00
7.300000000000000000e+01 1.000866354933359730e+03 2.622072970475749276e+00
7.400000000000000000e+01 1.000208964019437531e+03 3.863394016361235472e+00
7.500000000000000000e+01 9.987398651689600229e+02 3.889726763844553847e+00
7.600000000000000000e+01 9.997646501473417402e+02 4.499944819420459652e+00
7.700000000000000000e+01 9.988321743912268857e+02 4.210120690069771854e+00
7.800000000000000000e+01 1.000065017817746480e+03 2.511030581666832351e+00
7.900000000000000000e+01 9.990825750372960101e+02 3.367782692030480529e+00
8.000000000000000000e+01 1.000722384881403855e+03 1.747548880551859973e+00
8.100000000000000000e+01 1.000831090892166003e+03 1.904190156813268864e+00
8.200000000000000000e+01 1.000679752256101665e+03 3.443116635310700779e+00
8.300000000000000000e+01 9.994558176592013297e+02 4.168047294420713200e+00
8.400000000000000000e+01 9.998283640967641759e+02 2.945902522134848489e+00
8.500000000000000000e+01 9.985528337391956484e+02 4.086749089615508979e+00
8.600000000000000000e+01 1.000982694679966016e+03 1.616115957906590683e+00
8.700000000000000000e+01 9.990877830680115039e+02 4.223694442830861817e+00
8.800000000000000000e+01 1.000979019838753175e+03 2.422961232083312044e+00
8.900000000000000000e+01 1.000538670692459618e+03 4.060911636652699386e+00
9.000000000000000000e+01 1.000927198890956333e+03 1.790065879951776129e+00
9.100000000000000000e+01 9.987280485683770621e+02 1.818134425817690580e+00
9.200000000000000000e+01 9.993448618415870897e+02 4.330729431829709597e+00
9.300000000000000000e+01 1.000629914573292808e+03 3.002468673466695659e+00
9.400000000000000000e+01 1.001192574721681353e+03 3.669965147411071271e+00
9.500000000000000000e+01 1.001456101066833753e+03 4.283451279211278440e+00
9.600000000000000000e+01 9.990091546682708668e+02 3.870318233679276521e+00
9.700000000000000000e+01 1.000851805468710495e+03 4.314792749025554208e+00
9.800000000000000000e+01 9.996477091804241581e+02 4.157988030358748865e+00
9.900000000000000000e+01 9.994039223905679137e+02 1.762656588437043981e+00
