7.338821980534157019e-01
7.341499939912857764e-01
7.321368844320390590e-01
7.327569761651976377e-01
7.331937868928702917e-01
7.348416728855912128e-01
7.335555555424789764e-01
7.328387254467044754e-01
7.321660883826330846e-01
7.345873579284167842e-01
7.351338392574563452e-01
7.357170128743750759e-01
7.340901234594668923e-01
7.326525649529516127e-01
7.317402999142356146e-01
7.319256451883046077e-01
7.324645934796907287e-01
7.371238937888494602e-01
7.313561078590937736e-01
7.347029727679132982e-01
7.360628356914329373e-01
7.310879408601412832e-01
7.323464890388832194e-01
7.330003420112729540e-01
7.336390311806597619e-01
7.299171911865390827e-01
7.333730337370883978e-01
7.321668025523996315e-01
7.327239217872473231e-01
7.330904601820998900e-01
7.311308635636277753e-01
7.333209736048642569e-01
7.336773696634950603e-01
7.350034407819699966e-01
7.318734852179270556e-01
7.337799105319188220e-01
7.345455551576438591e-01
7.324103244511889210e-01
7.350829526008300085e-01
7.305609443438206840e-01
7.359009724830797294e-01
7.335767488812987569e-01
7.326935602834714345e-01
7.345272399762388105e-01
7.346879421988482539e-01
7.313930224762025256e-01
7.329467951744255139e-01
7.343331294290990074e-01
7.301741037175171201e-01
7.349736716593385788e-01
7.328095893354975576e-01
7.328783905043703140e-01
7.301875879657608870e-01
7.334413912473378705e-01
7.326899725759008497e-01
7.338015173450017636e-01
7.313874860644502540e-01
7.325191727656524820e-01
7.318918785453917275e-01
7.333929770908410584e-01
7.322007891550808001e-01
7.331552345302533302e-01
7.345167288758507329e-01
7.313965675722088333e-01
7.315327494125694052e-01
7.331469473233678258e-01
7.340749927160471477e-01
7.355655953209149223e-01
7.341465091721125491e-01
7.357788651512756628e-01
7.339831240916109278e-01
7.327692688560637491e-01
7.326078024446625037e-01
7.319402571085452669e-01
7.318478466772182500e-01
7.345162036422810958e-01
7.321873075515895612e-01
7.343432117911224966e-01
7.337425933724125438e-01
7.318789678071818683e-01
7.329520306386633210e-01
7.346930223469129162e-01
7.301399726441767379e-01
7.319822308421243262e-01
7.338368046186277693e-01
7.333776539242143899e-01
7.330108919297225745e-01
7.324776334430799229e-01
7.304879621829183378e-01
7.327992330605962445e-01
7.361627016471961049e-01
7.321554979192249624e-01
7.322340499066943842e-01
7.285987922589853838e-01
7.326430963310809341e-01
7.344766926168211363e-01
7.354596677375010438e-01
7.335351077774309170e-01
7.307285665840032030e-01
7.347778076706300565e-01
7.331703808831605551e-01
7.339393356345945696e-01
7.327168730067562530e-01
7.317243552190551004e-01
7.312084930172959574e-01
7.335048920087945401e-01
7.310973702129416329e-01
7.322050858363744474e-01
7.346085902373699072e-01
7.324351440771283972e-01
7.304977106016665722e-01
7.338062963729934385e-01
7.330430153999689669e-01
7.321388869338110172e-01
7.360414494254740037e-01
7.301276813009348610e-01
7.330669389471186070e-01
7.343830265330762996e-01
7.334165943461528059e-01
7.345866826843542308e-01
7.332068182019431113e-01
7.347232120405414735e-01
7.344871588105392757e-01
7.335971239136476196e-01
7.351820296953144318e-01
7.337757038836664192e-01
7.310580621493141251e-01
7.354970650223462414e-01
7.316958244694969915e-01
7.341073322229902942e-01
7.300926942695368238e-01
7.361673526017716851e-01
7.346402729346718230e-01
7.318103463760085026e-01
7.342561835640363244e-01
7.293441754165935764e-01
7.363204793884747801e-01
7.338046664336927982e-01
7.329963209686159997e-01
7.310394397398922717e-01
7.330014292040682999e-01
7.327056999421092121e-01
7.346675773399284903e-01
7.335387888576389015e-01
7.300715187920613358e-01
7.353039172432866977e-01
7.349722485907531633e-01
7.337602334784606439e-01
7.339398639909677780e-01
7.363252178948329618e-01
7.318243929421097693e-01
7.338602832446928792e-01
7.349878570998632510e-01
7.332235291659179310e-01
7.345799819307765599e-01
7.332699351577054436e-01
7.320666747898930682e-01
7.327270623797088600e-01
7.319510957102898230e-01
7.340885587083710861e-01
7.353355579243793239e-01
7.329283078783288552e-01
7.342866669219877407e-01
7.300946168704065542e-01
7.347055858820907837e-01
7.294318617176888120e-01
7.352680136293834323e-01
7.346447723899293125e-01
7.340565412337495266e-01
7.334615080222542938e-01
7.310355362689749947e-01
7.335335848110501322e-01
7.302112718185094220e-01
7.309248824620739882e-01
7.320882178272014595e-01
7.349168426990311254e-01
7.339976955817341109e-01
7.328901858361142052e-01
7.354811807907162269e-01
7.349140256952485517e-01
7.318481075777605316e-01
7.340338217550590461e-01
7.325655433424902441e-01
7.325950319411337341e-01
7.322212448414975317e-01
7.321352614829464978e-01
7.337305672981982996e-01
7.307438301600275299e-01
7.326871557535884483e-01
7.330474612120806421e-01
7.294185001054593886e-01
7.322480466238260322e-01
7.292699943020244380e-01
7.292821708804033687e-01
7.318067769443388215e-01
7.328907060818996566e-01
7.358427964614510097e-01
7.339354487273415106e-01
7.301182416407859810e-01
7.310836057396440379e-01
7.321427669217881462e-01
7.348013219148360475e-01
7.320281822439947961e-01
7.328818342102458860e-01
7.330521556549219886e-01
7.343680244402764901e-01
7.328157570835407419e-01
7.334235485330825588e-01
7.331606896827383979e-01
7.333720995076153937e-01
7.348286941500822289e-01
7.332224050543781901e-01
7.335093739729585671e-01
7.326869051580469083e-01
7.344231302828196917e-01
7.351791964865852513e-01
7.340052916662838101e-01
7.346608329339322507e-01
7.318877007051264316e-01
7.332452154423970692e-01
7.347163443754795020e-01
7.323332152125509031e-01
7.361702972404596812e-01
7.324463527440815414e-01
7.314637896085517399e-01
7.289368020242537050e-01
7.319209417716778798e-01
7.331506707792199151e-01
7.326983248284747452e-01
7.348454807922171206e-01
7.327454249956195653e-01
7.326942556828598407e-01
7.329567119801416730e-01
7.318406843965872266e-01
7.341934509981791201e-01
7.339520546947607693e-01
7.336962454660749255e-01
7.320586364645167432e-01
7.362539209112166638e-01
7.341111807750716478e-01
7.316235682174989652e-01
7.295800465063717599e-01
7.338339030567577748e-01
7.328959859165169455e-01
7.343863267672179340e-01
7.338148000084159239e-01
7.334916214948612456e-01
7.311414583549001867e-01
7.345986782727443876e-01
7.298541946485376242e-01
7.322636737792457273e-01
7.350933172936423565e-01
7.323643059686928414e-01
7.332031297816550275e-01
7.345348456320075492e-01
7.315715071278350301e-01
7.349829575763998646e-01
7.331791067378927718e-01
7.345529079954975504e-01
7.309726401467354640e-01
7.330967267307473278e-01
7.296471451627752902e-01
7.339940322167354259e-01
7.335646039806262841e-01
7.362737766984716048e-01
7.330893440914577619e-01
7.306489586874411746e-01
7.329845948975449721e-01
7.339276318741563276e-01
7.313127282685074615e-01
7.306209745241385445e-01
7.325864265517519902e-01
7.344871036796608577e-01
7.305813005441175179e-01
7.349751546312154327e-01
7.348210414803766355e-01
7.301356717502749394e-01
7.299452052613992770e-01
7.340547894988032063e-01
7.345434273040298834e-01
7.333560486991244076e-01
7.298128656478318765e-01
7.352855633854423756e-01
7.308350765014276496e-01
7.329589439105390625e-01
7.308529824463536606e-01
7.331597258197309896e-01
7.343995312977836809e-01
7.309948837109301323e-01
7.329320840789622649e-01
7.372269613053608062e-01
7.327639858218512048e-01
7.316490578054446470e-01
7.345237754074019909e-01
7.325510794258454084e-01
7.300689891837659484e-01
7.342865735734401822e-01
7.350105416174970152e-01
7.349531863630107686e-01
7.322009824321098481e-01
7.350401440224451077e-01
7.315006146529661191e-01
7.342413744871455483e-01
7.362176697318026930e-01
7.334511956827040047e-01
7.358172778765463828e-01
7.352865447176941682e-01
7.350786085050303731e-01
7.291476599921775659e-01
7.314388286735571398e-01
7.330246903912693845e-01
7.324858989898954675e-01
7.359809331975973867e-01
7.316373648427615395e-01
7.347603631100041444e-01
7.349039583851785240e-01
7.340253251137554003e-01
7.334066011895735704e-01
7.352418465897627708e-01
7.341816069666917688e-01
7.334453357285386499e-01
7.339179633012341553e-01
7.314253488410561443e-01
7.318440860975538031e-01
7.338846606508728776e-01
7.293110048388141697e-01
7.318756754959045985e-01
7.362369072443146756e-01
7.337522059477885605e-01
7.319089938999117084e-01
7.354889716526871180e-01
7.345487670100380173e-01
7.360492226032774310e-01
7.315700883085165529e-01
7.351417393151107316e-01
7.307854566912842520e-01
7.342696159080595031e-01
7.346158044336611459e-01
7.336087638423497426e-01
7.332407073183287993e-01
7.353954339029235010e-01
7.347954800578794243e-01
7.381114431971329548e-01
7.332090564309338143e-01
7.353666935690151840e-01
7.323051625200938108e-01
7.348016059327943106e-01
7.301888376075806875e-01
7.316256458943851682e-01
7.339629951566847277e-01
7.357509553694440152e-01
7.313523129884924590e-01
7.297217949876178000e-01
7.302183085631690496e-01
7.332918018802981885e-01
7.327544916866032265e-01
7.333305717878586538e-01
7.314818755368536207e-01
7.346375179111568343e-01
7.338406958368011157e-01
7.311917135538893442e-01
7.340633549417923120e-01
7.328102456199785397e-01
7.327052342548596719e-01
7.341626333761238632e-01
7.345956998476503852e-01
7.365722592456164231e-01
7.310259363969131563e-01
7.370456972911022531e-01
7.350700586103795509e-01
7.341031740259990057e-01
7.309632222783205568e-01
7.321551558307859420e-01
7.333949661920087237e-01
7.324095861305939259e-01
7.330274186818007687e-01
7.336245257886643278e-01
7.324454687191273017e-01
7.347090151566215699e-01
7.338363217822280182e-01
7.295467370917440020e-01
7.344678743734966986e-01
7.343201488454527137e-01
7.347743784945215406e-01
7.348764338359874415e-01
7.346264325591437272e-01
7.306063844157183462e-01
7.336662415933937753e-01
7.314047630993546489e-01
7.339960292440320666e-01
7.349192630460278375e-01
7.317344789504166558e-01
7.311315356104148844e-01
7.337901864190616852e-01
7.318292046323775502e-01
7.331064549547400278e-01
7.315856764989677741e-01
7.345116056325178278e-01
7.336850926593250222e-01
7.332321810184805333e-01
7.324917587259621721e-01
7.332193208821466968e-01
7.321412467169471361e-01
7.365587558430459758e-01
7.319260236069197179e-01
7.309050179484070098e-01
7.345522259545980148e-01
7.332001947798938435e-01
7.335253936858003865e-01
7.343114413686824271e-01
7.358198768635298981e-01
7.358563604083356857e-01
7.355769130596662153e-01
7.330075576696054585e-01
7.347158591359116420e-01
7.330386268834375718e-01
7.324825706033898376e-01
7.334458913480802478e-01
7.334219085586011211e-01
7.328401968805311473e-01
7.339895788871531046e-01
7.339732219559126358e-01
7.310007725507770004e-01
7.344441315143471760e-01
7.353137059433816347e-01
7.310684673481498974e-01
7.324719976963284251e-01
7.322880174232654360e-01
7.318502472464188946e-01
7.304523442873577244e-01
7.320486470298031012e-01
7.340801761181702245e-01
7.301578269335922133e-01
7.340238905932927604e-01
7.347157254576917040e-01
7.329628263609980765e-01
7.337973524118448498e-01
7.318081756068735011e-01
7.338208563848330757e-01
7.337972269035845096e-01
7.348742069636911012e-01
7.324271806525035622e-01
7.335230912339253395e-01
7.343520753829154701e-01
7.324537041641454582e-01
7.324363519105833165e-01
7.323926844046899642e-01
7.320042887898697836e-01
7.325510957129823808e-01
7.335085766973079568e-01
7.343734153802294884e-01
7.290171607012210231e-01
7.306596618455857284e-01
7.334455234183172578e-01
7.346500652197444081e-01
7.329515584295736019e-01
7.314784514629960599e-01
7.321453903327000967e-01
7.340129494342003680e-01
7.330428738298205849e-01
7.336906827162268385e-01
7.301972230977790135e-01
7.331374744632701557e-01
7.338516984692048384e-01
7.366419928078049573e-01
7.354539105730855120e-01
7.336958456574671494e-01
7.315253647783468427e-01
7.331201982852546539e-01
7.372473265963079836e-01
7.342150308836010719e-01
7.330339692344893798e-01
7.326017746604440717e-01
7.329258094561333925e-01
7.344671942034135537e-01
7.311745206237036943e-01
7.334668152242943551e-01
7.317860728502972867e-01
7.332875677323510422e-01
7.332546642709940610e-01
7.341644109406008090e-01
7.326111287449099674e-01
7.323550103985407844e-01
7.324536475828924420e-01
7.346080477228130734e-01
7.352569153276949931e-01
7.341610609631156192e-01
7.377725880028603855e-01
7.345946897197693781e-01
7.327522197532519987e-01
7.322675118006644057e-01
7.357217040778104566e-01
7.326322009712024075e-01
7.335352109911472684e-01
7.326150036098684204e-01
7.325129513716777119e-01
7.319850837626140638e-01
7.318674889758126634e-01
7.338477291990238571e-01
7.323481729819860675e-01
7.338742703802757505e-01
7.366015336796706281e-01
7.332570426223424809e-01
7.334499808327854531e-01
7.334960403340236024e-01
7.320785066335757652e-01
7.322780556940902130e-01
7.342165785371850273e-01
7.341735058612834930e-01
7.318528783304533158e-01
7.329762308971934370e-01
7.320487922171294848e-01
7.336881076127613754e-01
7.343629662474649988e-01
7.305641176988340035e-01
7.337909145278591616e-01
7.340053873941697615e-01
7.302362116881521148e-01
7.326554588351741337e-01
7.339079684431212280e-01
7.366528421572066110e-01
7.318026928659699948e-01
7.327370695087731534e-01
7.372104743513370195e-01
7.333460743539202964e-01
7.336028933142066943e-01
7.352364755808153962e-01
7.343643752844568606e-01
7.328226802914438176e-01
7.310788791835038936e-01
7.342704168749282223e-01
7.366076261847751550e-01
7.340223606750809759e-01
7.310913699159600210e-01
7.348842062089983029e-01
7.344760571988137032e-01
7.320953942436136952e-01
7.324371501772207749e-01
7.321479772779384554e-01
7.340665409270471509e-01
7.321364286227777241e-01
7.343124410223696996e-01
7.341007646031434408e-01
7.340200729036324701e-01
7.332011708766102975e-01
7.309675296107379650e-01
7.324853518546905473e-01
7.356894447078601296e-01
7.342778364061687268e-01
7.362222384387752117e-01
7.331053364146273843e-01
7.348298384121453308e-01
7.316288082276302118e-01
7.321217093826390965e-01
7.363529983708808624e-01
7.337041126786092438e-01
7.323919925013434584e-01
7.315423585907054882e-01
7.338012618825764388e-01
7.333818916552041767e-01
7.339439946772607914e-01
7.343137443308109802e-01
7.360435607444277828e-01
7.326234001826472664e-01
7.331636080683732182e-01
7.322712576077300417e-01
7.321346500213777864e-01
7.339810234539944078e-01
7.327940077728113399e-01
7.345582502422511872e-01
7.324517711266137487e-01
7.283323139516449940e-01
7.360550726838994695e-01
7.311723547703697923e-01
7.334344251548523541e-01
7.337918161819417806e-01
7.335418613632599394e-01
7.347786709373447245e-01
7.345428556633523121e-01
7.340532786359098560e-01
7.316812000433982055e-01
7.354360916733151399e-01
7.333487462383089239e-01
7.324569749449929557e-01
7.350233936377067456e-01
7.344447530312605554e-01
7.307356805573467229e-01
7.320771085106592135e-01
7.348928768862664773e-01
7.339386457216610093e-01
7.298207507552576523e-01
7.356558019427021922e-01
7.325317067343691813e-01
7.329094975734075090e-01
7.358801167931440235e-01
7.337929272584551299e-01
7.320744215156937962e-01
7.352021747708066268e-01
7.325674437247967630e-01
7.333828353475367878e-01
7.329651671377168665e-01
7.326893101104648975e-01
7.336034171580883001e-01
7.329435323430624205e-01
7.351718623956278176e-01
7.342974047468918686e-01
7.327017002950385605e-01
7.318348881323366584e-01
7.301871267009943933e-01
7.315505049688646455e-01
7.336414474532916286e-01
7.327033940969274184e-01
7.352054188379072430e-01
7.337283708641781921e-01
7.339265684882989582e-01
7.355558664514709744e-01
7.313873952497459419e-01
7.331513058488231538e-01
7.333111197180615104e-01
7.322422688693391857e-01
7.339990883045202086e-01
7.324733866719712605e-01
7.331129843760753051e-01
7.318816619522537925e-01
7.324669238312050412e-01
7.333082048963734945e-01
7.314767775192285715e-01
7.309721783711906617e-01
7.340272669175185172e-01
7.332481706283213718e-01
7.312779899419962204e-01
7.311980610883592746e-01
7.321652524257444838e-01
7.352299525281206227e-01
7.315929322089320674e-01
7.354296868614357274e-01
7.325620305994442472e-01
7.333527239594097580e-01
7.329604180118323153e-01
7.307236445648161993e-01
7.350293453631986385e-01
7.326340208292876355e-01
7.321916129709314935e-01
7.344742162454639400e-01
7.307392344018084351e-01
7.329760840500540997e-01
7.335738810191301251e-01
7.324079504610742086e-01
7.324093099115801531e-01
7.359708484529993155e-01
7.304836117592764522e-01
7.336700936902285086e-01
7.307530729986896345e-01
7.348140824193862830e-01
7.292149497265942859e-01
7.328873045011350396e-01
7.352963559346735734e-01
7.347863604519352387e-01
7.327226545392754309e-01
7.340093128221607532e-01
7.345310536992615269e-01
7.313095319202096434e-01
7.337743843305403191e-01
7.353955409249993691e-01
7.324952928659970164e-01
7.331260160182759833e-01
7.359428505804769260e-01
7.330272055415534282e-01
7.332341356046349068e-01
7.349912051421446657e-01
7.328106975957983105e-01
7.325560765680615427e-01
7.301315251611576462e-01
7.354619837456287668e-01
7.317437044468568796e-01
7.329070693827479666e-01
7.329634026572584560e-01
7.345194027617187871e-01
7.345283811382103956e-01
7.315781660916069740e-01
7.320853257149779747e-01
7.294742280132974210e-01
7.331595716004678520e-01
7.319742642898565688e-01
7.332293937291217700e-01
7.336217172533939790e-01
7.279512058555496212e-01
7.319110050118609045e-01
7.383823175813599704e-01
7.346803196023787841e-01
7.339238165128525448e-01
7.358537934109652401e-01
7.323181413483780267e-01
7.332513746141847699e-01
7.346673396713189197e-01
7.329230216758595429e-01
7.350202721891665458e-01
7.321008103372751430e-01
7.362160442341978417e-01
7.354842909225468572e-01
7.357039905973481453e-01
7.337176359830870354e-01
7.346903874026424752e-01
7.332743807153211391e-01
7.313940339122266820e-01
7.335202290611987364e-01
7.367326747203780668e-01
7.289361783309832310e-01
7.329069811201841533e-01
7.318959188102645008e-01
7.329020671532462394e-01
7.322975222672232221e-01
7.335255822281405713e-01
7.319784538708878907e-01
7.337598393554227716e-01
7.327962567748693701e-01
7.331321891522496470e-01
7.315779291831878695e-01
7.328544580500457872e-01
7.320795757218692135e-01
7.355877897487881345e-01
7.338996808047885123e-01
7.334452221336318356e-01
7.336602173268456095e-01
7.335753747959159465e-01
7.325765946607217804e-01
7.333699867252265747e-01
7.311631833571941019e-01
7.338003906576721080e-01
7.324204261510901537e-01
7.356068049715553947e-01
7.365074405488566400e-01
7.289211493358374039e-01
7.304020830134770881e-01
7.342938649492697367e-01
7.323149080402678868e-01
7.309618776248453242e-01
7.349134484580640558e-01
7.316901731463840708e-01
7.332075233613755127e-01
7.349327773985393497e-01
7.334937437619971634e-01
7.351512614143413948e-01
7.337388523674900354e-01
7.285126537291746196e-01
7.338220240327478772e-01
7.339802283832018714e-01
7.374556715207188917e-01
7.313657011718095458e-01
7.342847763671190853e-01
7.330142793696315939e-01
7.343815509756765891e-01
7.345937002414851813e-01
7.326085929180791156e-01
7.338708133342427553e-01
7.319815949673622590e-01
7.337620191913785117e-01
7.339138834705258851e-01
7.330833146548455526e-01
7.344689455569466396e-01
7.354732123129821275e-01
7.347591370184550774e-01
7.326246423798179475e-01
7.345498126056337895e-01
7.320278933588790782e-01
7.347028763183575117e-01
7.335022737246692515e-01
7.314481429916526167e-01
7.316022545194126314e-01
7.370985302733118472e-01
7.307250817492556560e-01
7.337987816155134846e-01
7.334854639139583021e-01
7.320309974980965251e-01
7.266148213577047210e-01
7.355992570050711166e-01
7.364850449243544039e-01
7.318217618156432902e-01
7.319403999463413024e-01
7.344549376714485378e-01
7.354946949992159366e-01
7.321903881805267300e-01
7.342680969327881613e-01
7.335294598597061899e-01
7.319904546360351816e-01
7.334804997048434139e-01
7.319366811232654868e-01
7.323679919387631188e-01
7.334191867859957137e-01
7.325466709440412449e-01
7.339021998542192282e-01
7.321022597151126687e-01
7.354679090468639879e-01
7.332024125799923020e-01
7.343354996002454671e-01
7.342701996051780311e-01
7.324897007170796392e-01
7.329504152434600517e-01
7.324368479930086773e-01
7.325758588373029179e-01
7.324673100126493086e-01
7.307050852998218105e-01
7.299903814657786594e-01
7.330404460489393648e-01
7.347511777137702982e-01
7.329514698292054486e-01
7.323545531093693661e-01
7.331746638471641209e-01
7.332154274069618838e-01
7.338513633529998303e-01
7.317226539300625276e-01
7.336019227786838570e-01
7.341229044665833481e-01
7.311234754733288987e-01
7.313818273515840795e-01
7.301574575196650985e-01
7.303230968861051942e-01
7.342632826530491874e-01
7.296664259477380066e-01
7.338615238177716993e-01
7.287376380594333680e-01
7.324882105308734292e-01
7.351517623436701898e-01
7.332514608506066622e-01
7.323058392201881039e-01
7.338019518861079726e-01
7.365706229022169760e-01
7.345326754503491706e-01
7.333042099501673183e-01
7.350590619841043116e-01
7.333177604126928095e-01
7.295817100129815547e-01
7.310906791223403811e-01
7.349444588334762551e-01
7.328189197298027313e-01
7.331901027308536101e-01
7.371804244140097717e-01
7.329315102260249848e-01
7.361622659746387409e-01
7.347516784865707473e-01
7.354343217772878472e-01
7.315643356044266854e-01
7.296066760757619063e-01
7.320062198324555069e-01
7.339058942223679605e-01
7.343515165565771552e-01
7.322894107016870713e-01
7.366210317855269585e-01
7.323721360785310219e-01
7.320554210796700323e-01
7.326857418519044929e-01
7.309507620886886992e-01
7.354569179709190552e-01
7.327942243048634063e-01
7.341729682453669303e-01
7.354348512738904109e-01
7.316372787496432384e-01
7.306006524923538414e-01
7.340141619576852072e-01
7.349195571376242464e-01
7.346272633697397136e-01
7.330578244615068018e-01
7.324139177829492864e-01
7.327016057342888855e-01
7.356611474015318786e-01
7.362746270476545618e-01
7.332521768710373866e-01
7.337978481386372431e-01
7.330500833240579661e-01
7.329386992769075793e-01
7.295246856309408612e-01
7.332715610025766217e-01
7.326287063755722029e-01
7.360287792872306500e-01
7.311733913737713531e-01
7.330220088513250687e-01
7.322608017311624806e-01
7.348374103177357508e-01
7.362150870774207823e-01
7.333096376282115525e-01
7.340466816856761056e-01
7.330562592433806923e-01
7.360135401502467811e-01
7.315475092853075401e-01
7.312120730568102411e-01
7.326228814904620634e-01
7.311921972809003467e-01
7.340832869629319024e-01
7.331282714075316731e-01
7.322867428871197015e-01
7.309280528510703201e-01
7.327149696618604491e-01
7.344108129831196097e-01
7.360941871371651235e-01
7.322043313138056897e-01
7.350402466575423066e-01
7.345908526766031788e-01
7.356375797387969540e-01
7.304112838411817021e-01
7.338372472331088359e-01
7.321198228132913544e-01
7.342324399289630321e-01
7.354497248603192316e-01
7.319239446546009775e-01
7.319604353658311080e-01
7.333645947272432464e-01
7.341247009023538217e-01
7.348485947953812270e-01
7.335589420761150503e-01
7.349298225940779083e-01
7.316690158306691227e-01
7.338212389215866827e-01
7.316744090509913478e-01
7.343652265323680206e-01
7.341714424007390605e-01
7.341252426509456974e-01
7.328496415467898872e-01
7.311921628882203095e-01
7.318332356778316505e-01
7.332651851132322429e-01
7.329620946792420044e-01
7.332286871678052043e-01
7.324111608876558988e-01
7.323193427090320951e-01
7.316232801147349862e-01
7.358130830299951519e-01
7.331646991415167181e-01
7.355565849108345322e-01
7.310695067165825511e-01
7.332114586966801406e-01
7.329966962674598907e-01
7.314693308508463110e-01
7.346737667793175053e-01
7.301725715500519964e-01
7.358562922812936780e-01
7.336925812283148218e-01
7.354133569771016399e-01
7.314952834985839480e-01
7.348057408220776132e-01
7.314276251026747833e-01
7.283339999939194565e-01
7.361439310579318551e-01
7.325980086413452774e-01
7.340329040880838596e-01
7.340946919231976509e-01
7.334049594096422320e-01
7.332779994362698117e-01
7.318795011295871067e-01
7.300871273331925870e-01
7.312058961787124556e-01
7.358369548572799568e-01
7.343504715649008530e-01
7.323106897632937207e-01
7.335727687532238583e-01
7.349210764956793929e-01
7.333134201496372961e-01
7.327331843376729825e-01
7.315712275052298486e-01
7.352119427929132423e-01
7.306094148757948936e-01
7.330542224227497572e-01
7.339253544833813647e-01
7.313255292710586497e-01
7.360034817744737223e-01
7.317049986494041924e-01
7.329731644966651638e-01
7.345088075950582107e-01
7.325661721774699986e-01
7.338623891171874858e-01
7.317846050199223740e-01
7.355986214394585332e-01
7.316586136295994969e-01
7.347855725145069350e-01
7.336574992613678070e-01
7.348953755023936996e-01
7.316149203014077340e-01
7.335687455941216628e-01
7.334025845460808712e-01
7.326322288959247198e-01
7.308231726962565178e-01
7.347408901458142294e-01
7.353900742273236091e-01
7.337112700996331061e-01
7.335262773373513179e-01
7.300977771777169556e-01
7.340276542258638015e-01
7.339779030933734072e-01
7.347216505107857509e-01
7.314042343634598042e-01
7.348502636723677206e-01
7.364075920662277452e-01
7.358980168378371767e-01
7.318302619099481543e-01
7.343845425960150441e-01
7.308912836081055131e-01
7.328899299411307799e-01
7.351833848333519938e-01
7.354343949370073519e-01
7.381041811241907391e-01
7.324431985970897285e-01
