9.901409400680636352e-01
1.013416827148812649e+00
9.948925099481064072e-01
9.935612448605808389e-01
1.011897627156741253e+00
9.990273442339597798e-01
1.005317436250289020e+00
1.003440879945046715e+00
1.004991889573382924e+00
9.940071503852443424e-01
9.899423984906230434e-01
1.003431820415046305e+00
1.009336309898410056e+00
1.009860115673778980e+00
9.920162685360962573e-01
9.939629925602043725e-01
9.917997426226848878e-01
1.005081584982647325e+00
1.006505938214219853e+00
1.003200088264680989e+00
9.916032179334781649e-01
1.007167067705259544e+00
9.930693588053188803e-01
9.958655874503821170e-01
9.933110928765870318e-01
9.847479391373722413e-01
1.006240777690926569e+00
9.903274449226273646e-01
9.983082541766327145e-01
9.818462770050353505e-01
1.002478090153291923e+00
9.964364047132038271e-01
9.890514273272238421e-01
9.800833630399291563e-01
9.846614753946877352e-01
9.929684257605796427e-01
1.005181087928652239e+00
1.007248738010119826e+00
9.831181048826616031e-01
9.962587356705184805e-01
9.914859484389477728e-01
1.015596864567641422e+00
1.015339207822084200e+00
1.008159189597723326e+00
1.004557143003637520e+00
9.929127789757643541e-01
9.908602782406600307e-01
1.012917609930640728e+00
9.957005434082722983e-01
9.871766544792734965e-01
1.002197530840915451e+00
9.982185207123863702e-01
1.007456247146868433e+00
9.954117462942384531e-01
9.908376445041918723e-01
9.938252244083044529e-01
1.015701387341131134e+00
1.007140805748475421e+00
1.007010243767760604e+00
1.006099258518946549e+00
1.020556484207392201e+00
9.903797583340449018e-01
9.918621238056777312e-01
9.891559279323366427e-01
1.000001110010349636e+00
9.968688811761500235e-01
1.014911316522344231e+00
9.977571291105248319e-01
1.014593945094054872e+00
9.978172771560612775e-01
1.012287649369830511e+00
1.010924258302232870e+00
1.004684689521623042e+00
1.011495271766387649e+00
1.004121757758114075e+00
9.947269890834341544e-01
9.972252608422870201e-01
9.937934033636509623e-01
9.905312517503981340e-01
9.949278819043573252e-01
9.956025176928753329e-01
9.828369373915880614e-01
1.009057926712713105e+00
1.008234616561802355e+00
1.001774427624356534e+00
9.873113370683164192e-01
9.970933827920881454e-01
9.892316890832362208e-01
9.957000569281361235e-01
9.922451245318075763e-01
9.951054605108766715e-01
1.012783398162670156e+00
9.821572079915277254e-01
9.697428358214180699e-01
1.002153656427307027e+00
9.985451251512132975e-01
9.939369900626495724e-01
1.003235612737271687e+00
1.010433221110235591e+00
9.913413506802699615e-01
9.992736367242092133e-01
1.009218085273174026e+00
9.939753040330825407e-01
1.014628091110614028e+00
9.958233136676499786e-01
1.003759617193498377e+00
9.928430971905068958e-01
9.969090847284998169e-01
9.896724737237714287e-01
1.000320495416195055e+00
1.004905037343805985e+00
9.934653970397885336e-01
9.822670543469121940e-01
9.944717378799362573e-01
9.686543370843057055e-01
9.904027548643068446e-01
9.879732587668323962e-01
9.935349432941009695e-01
1.002506039864715870e+00
1.010537267103343240e+00
1.012618097577497878e+00
1.000645906686087994e+00
1.002149358454295092e+00
1.012163471460890696e+00
1.023053820777970024e+00
1.001427405427153472e+00
9.984789498156816379e-01
1.007365967072602730e+00
1.003878052262208609e+00
9.986898826713719313e-01
1.019119230822788991e+00
9.982757180419594700e-01
1.009817171303452943e+00
1.006700002688500017e+00
1.006859824893885369e+00
1.013119410365075801e+00
1.001082544215477599e+00
1.011766364159503606e+00
9.811033692979478360e-01
9.955145963845541957e-01
1.000850857016012618e+00
1.004441920113112063e+00
1.000696725142149246e+00
9.917563039875747499e-01
1.000930685752434934e+00
9.919622761204062167e-01
9.954471328186154100e-01
1.001932656208574857e+00
9.887335928563273368e-01
1.005001665593528992e+00
9.956420823474468884e-01
9.853070270422816801e-01
1.000209354856173904e+00
1.000433939070779266e+00
1.011249147676922089e+00
9.877689148498149940e-01
1.000267535946535391e+00
9.951847712212930075e-01
9.969336452069945675e-01
9.959782436199161593e-01
1.007821056552127947e+00
9.996811358957001792e-01
9.990348207870842767e-01
9.782257320195703043e-01
1.005074030080160830e+00
9.855589526826200597e-01
1.002640072157599205e+00
1.004904118311172878e+00
9.939122326289603349e-01
9.991243046047250109e-01
9.991479920252102076e-01
1.002527499366095531e+00
1.017763364574734819e+00
1.000168091217915611e+00
1.002056243948236114e+00
9.854224724199029950e-01
1.012797407727056509e+00
1.001568449374430791e+00
1.008108496879427163e+00
1.013935877952017561e+00
1.008818192736761876e+00
1.000222387121279644e+00
9.963496824403412777e-01
1.005738794954110338e+00
1.012155018875737555e+00
1.019225826134150026e+00
1.008830555346522662e+00
9.985937380818303843e-01
1.007031025291274640e+00
1.010709939562913773e+00
9.993814155991548320e-01
9.924868898981323850e-01
1.013302306453923718e+00
1.011346383503681556e+00
1.002519810290638969e+00
1.004992878570745152e+00
9.999224337488762382e-01
9.738571775655350260e-01
1.002994456863432804e+00
9.886293978117459691e-01
9.965018469838788917e-01
9.957417323710577861e-01
9.997591821951999913e-01
1.010674826988021469e+00
9.913201556560858885e-01
9.854253367054258694e-01
1.007738550423651125e+00
9.913701118363636988e-01
1.016480134945700664e+00
9.952574174338337798e-01
1.001360345078279979e+00
1.000212831309384098e+00
1.009811753754464858e+00
1.008378165947491079e+00
9.933013800281432770e-01
1.011248385139240202e+00
9.948466821153080231e-01
9.984341292474402385e-01
1.001030997657406996e+00
1.006595733856962216e+00
9.894310138324330373e-01
1.012086756488330908e+00
1.000330500660746802e+00
1.004701730149642369e+00
9.958509698814024258e-01
1.013926687657648484e+00
1.017497127560524239e+00
9.987037525855489983e-01
9.857731563681719766e-01
9.994461408683156245e-01
9.876475572197462860e-01
9.892712466932547244e-01
1.006338566723643524e+00
1.002883770976414901e+00
1.004548747662746599e+00
9.960805566629313823e-01
9.698161705700069080e-01
9.885268199339485307e-01
1.006137111752025026e+00
9.956091805375063553e-01
9.951385628242578330e-01
9.987188528941233212e-01
9.962702059699404256e-01
1.000454566765691000e+00
1.009299128102501442e+00
9.863859706059525667e-01
1.006870429763671915e+00
9.933973623138815379e-01
1.025814082153749585e+00
9.921358086203254656e-01
1.002692743710270173e+00
9.997416886017767013e-01
1.001722003531712479e+00
1.011455292785489846e+00
9.813992222884024841e-01
9.879103462773705102e-01
9.910155877345164788e-01
9.986312209356188463e-01
9.843416571392809011e-01
1.013843894134658585e+00
1.017124171564287360e+00
9.888160039081300701e-01
9.988928261020545429e-01
1.006675501628914171e+00
1.015423881412941487e+00
9.962181119350586034e-01
9.889035359968629812e-01
1.018152247108190744e+00
1.007071732752172544e+00
9.863976835010582755e-01
9.939492687418959305e-01
1.004302874898052922e+00
1.001955697429605996e+00
9.939927001976275323e-01
1.014908091627081843e+00
1.010338878322428302e+00
1.014586456712712081e+00
1.017544342296279547e+00
9.963960637672454324e-01
1.000340424368078462e+00
9.955872100151947901e-01
9.875359118313671303e-01
9.825805200301190867e-01
9.901074313864158816e-01
1.000588573033165840e+00
9.911074726921998979e-01
1.009142834374586517e+00
1.004833766017155572e+00
9.777687403246838604e-01
1.000652835177279876e+00
1.002871707129796341e+00
9.859848404416198253e-01
1.005458704069204456e+00
1.010421962780376326e+00
9.880376348886679150e-01
1.016110199779072909e+00
9.953951380034873342e-01
1.004267659934642509e+00
1.003438681385221409e+00
1.006882771432087598e+00
1.018267743325128372e+00
9.878465354723753311e-01
9.966095822943202842e-01
9.870155458160057016e-01
1.009557943572593874e+00
9.945431742058038482e-01
1.008130208549489648e+00
9.958806599987201080e-01
1.007526231506779668e+00
9.999237012786319490e-01
1.012316866543607308e+00
9.903372846906267624e-01
9.964629752124581907e-01
9.901121684437222958e-01
9.924870555706908348e-01
9.969131356058773541e-01
9.854400163868027862e-01
9.814298826779408458e-01
1.011464093810890974e+00
9.915491299464150865e-01
9.852573549381349327e-01
9.844858064962893618e-01
9.989240041434449546e-01
1.007896896666135467e+00
1.003994347704128209e+00
1.009162671161238922e+00
9.921531235751142042e-01
9.967343661861501891e-01
9.874456059299057120e-01
1.004084878415293147e+00
9.980388598537566214e-01
9.859372768384011554e-01
9.979809892685460593e-01
1.001824708920763252e+00
9.897723852028911251e-01
9.856735318636744569e-01
9.895494974388722165e-01
9.815721825124313904e-01
1.002019075746906740e+00
9.955879499621552720e-01
1.002379377090008239e+00
1.013490323656456749e+00
9.940459172075898353e-01
1.004783826569526362e+00
9.815917322878534579e-01
9.870868816026322490e-01
9.795331939499078988e-01
9.943810540091519989e-01
1.012924273898815564e+00
1.012954182229932387e+00
1.013278339082585688e+00
9.991946002221510081e-01
9.741651339465806636e-01
9.975511243624179958e-01
1.004337354823464423e+00
9.986264696478166503e-01
9.987482406717610450e-01
9.895640626910544579e-01
1.000441067928664385e+00
1.016946860685994602e+00
1.000903783982033834e+00
9.992873186939229546e-01
9.938925269975956711e-01
9.869572544639152456e-01
1.010283015864382072e+00
9.995691500808383534e-01
1.002248704744346686e+00
9.913254831540664336e-01
1.001260479200503317e+00
9.844944428247827117e-01
9.850261553899558598e-01
1.010609826795224597e+00
1.003504208739383285e+00
9.881041662868349507e-01
9.986662742369643020e-01
1.008342440408422913e+00
9.985176802865890489e-01
9.871345380417433368e-01
9.969090720256343907e-01
1.003003767597487217e+00
9.923125853947516450e-01
1.003753466859159449e+00
9.948244698296159205e-01
9.950845558884028330e-01
1.007431736191757743e+00
1.006316178694768748e+00
9.961189173615203618e-01
1.015132098795474169e+00
9.902685892055933525e-01
9.823303381466917950e-01
1.012269437363521707e+00
9.815913968456018157e-01
1.006538772181836405e+00
9.860703639627169670e-01
9.942954434770675531e-01
1.006809288075615649e+00
9.858095291922100989e-01
1.000700934763869787e+00
1.002453356321323819e+00
1.007812157572326894e+00
1.000403545526703963e+00
1.001595732676368700e+00
9.927623264219826993e-01
9.994336521862838829e-01
1.011477210376128033e+00
9.998794427497764703e-01
9.911256506997726534e-01
1.006531600042816166e+00
9.950755364960637284e-01
9.921549087981252901e-01
1.007692581238290641e+00
9.974382830616473905e-01
1.002066863019386300e+00
1.007424857705430776e+00
1.009055557849692253e+00
9.986822535936669132e-01
9.957698795879786902e-01
9.934060040027958838e-01
9.963381594248076345e-01
9.957767799470943482e-01
9.950735515090938232e-01
9.991214629147328052e-01
1.009189789477441979e+00
1.000292981386300406e+00
9.858173884983589819e-01
1.012021678995143059e+00
1.005116947171410313e+00
1.002660172987070109e+00
1.004248368380305845e+00
9.992503146818311199e-01
1.002679965342573531e+00
1.005523670225996202e+00
1.008256606486423124e+00
9.965779730447301699e-01
9.965454935324075114e-01
9.911719811335626407e-01
1.004369596941294684e+00
1.008816176177514734e+00
1.010068679410573544e+00
1.001101053783098660e+00
9.993221054555628813e-01
1.018760697218529465e+00
9.805866487067402826e-01
9.905498465679539732e-01
1.001228263854354150e+00
9.960544402085594884e-01
9.953031861478729425e-01
1.001137895933787547e+00
1.007904629905908900e+00
1.006245716098373544e+00
9.911455661288428587e-01
9.928436594901066670e-01
1.006829213808217105e+00
1.025209827321906575e+00
1.005943943493675219e+00
9.917649272520099313e-01
1.004003938272241658e+00
1.008542907625517016e+00
9.962056123892117920e-01
1.004228594162356991e+00
9.981653505742523746e-01
1.003364931832225526e+00
1.005811401587199727e+00
1.004362529533421755e+00
1.012923130900787561e+00
9.811636761406891116e-01
1.012610720646169860e+00
1.011699756221216662e+00
1.016537517879557706e+00
9.875949276761297746e-01
9.859274295747941785e-01
9.950827172503931006e-01
1.000010509828445304e+00
9.953467045059897211e-01
9.978658112221099330e-01
9.911046307573592173e-01
9.997524773464675496e-01
9.926385450661837639e-01
1.014387273884172380e+00
9.899876723495057984e-01
1.011576200567422257e+00
9.951827888498725461e-01
1.000350787621794302e+00
9.796137779496573161e-01
9.853099184906736197e-01
9.975641651196381909e-01
1.011726577794475501e+00
9.901487523416104830e-01
9.927012136850705826e-01
1.003055794904032405e+00
1.013064910181033618e+00
1.001666363670497883e+00
9.899239009186761029e-01
9.975375840367237679e-01
1.004945497406493082e+00
1.011248195812832318e+00
9.898184838506599581e-01
1.006326155192961203e+00
1.000707343785646630e+00
9.949968204648338421e-01
1.004656443043482117e+00
9.975089260558275273e-01
9.917212959308411291e-01
1.025035594061438848e+00
1.009451355860107702e+00
9.995913082184770815e-01
9.956622016187419710e-01
9.902618180516425950e-01
1.002433804880623613e+00
1.000978324305382472e+00
1.029037075267361656e+00
1.011153408885488325e+00
1.001960999794305085e+00
1.013971006442920597e+00
1.002228930182204270e+00
9.866902660653090740e-01
9.837733935030494870e-01
1.005447561571680914e+00
1.016660654254614604e+00
9.877953378752167835e-01
9.997044567452393338e-01
9.995359260767414655e-01
9.996642287526974480e-01
1.000365285130896620e+00
9.987570989020659873e-01
1.003302847438094947e+00
1.000146405024489260e+00
9.897894283718914332e-01
1.009278230270157950e+00
1.007848545632025195e+00
1.002544136789614182e+00
9.933809549883046985e-01
1.005126061391415693e+00
1.002304952935216598e+00
1.003190552587888362e+00
9.907823261557461292e-01
1.007359163783826173e+00
9.946379427417253449e-01
9.932885022352486715e-01
9.966590212495521905e-01
1.011808900526365296e+00
9.993558247887885937e-01
1.004129673014814150e+00
9.869065909058295505e-01
1.006948582927461366e+00
1.003520601494732656e+00
9.935999488869738938e-01
1.000242585439790721e+00
1.006127694246505833e+00
1.014724184097008264e+00
1.001935566794873722e+00
9.965699492656251435e-01
9.861678417931939444e-01
9.830338942770558974e-01
1.017465164928154753e+00
1.004349447752451940e+00
1.014548321121446994e+00
9.893823373278384237e-01
9.945369745687829832e-01
1.002882145400717517e+00
1.005031791889416937e+00
1.000889789865326840e+00
9.988018562827868374e-01
9.992626581993290236e-01
9.824180720008863776e-01
1.007308091721394794e+00
9.973244624299064665e-01
1.001949973872594546e+00
9.886531932615159057e-01
1.002566989112025020e+00
9.882211917258091338e-01
9.919061212500025482e-01
1.009755931363427672e+00
9.812280668059241151e-01
1.024673345136799529e+00
1.006921888392745990e+00
9.855740433143369561e-01
9.942659127764644778e-01
1.003813349942975330e+00
9.999016183451346906e-01
1.002996419810957329e+00
9.926301117995146583e-01
9.945963922755820530e-01
1.010517341599517005e+00
1.003131283315035205e+00
1.019713271924687081e+00
9.912992809714047393e-01
1.005518642431772802e+00
1.009552835837465690e+00
9.969136793316809575e-01
9.960408100525024455e-01
9.840926566306573697e-01
1.012468480905830637e+00
1.005146117191442423e+00
9.874524808161473377e-01
1.020175089176078798e+00
9.886958496962641174e-01
9.911523912132763625e-01
9.835440971810593958e-01
9.825619513247074721e-01
1.004728953742694442e+00
1.002026674609379553e+00
1.009774661877530955e+00
9.922055732671053452e-01
1.002278466426398174e+00
9.854393745229985679e-01
9.936370266511015403e-01
1.014102169672930875e+00
9.965828512321970312e-01
1.002999507611900709e+00
9.917243356240043051e-01
1.019216725894308118e+00
9.978699029047279900e-01
9.989327382143541323e-01
9.803555762514836180e-01
1.002057037133816664e+00
1.015680909292511647e+00
9.928183383314730381e-01
1.007647427439622989e+00
9.975716327847757858e-01
1.014180476519079610e+00
1.002385863629819518e+00
9.911244287435967415e-01
9.896448983349949158e-01
1.010205098630301279e+00
9.918363219074537440e-01
9.934733636718682259e-01
1.004258426058404208e+00
9.895650740970627357e-01
9.851912804207869634e-01
9.981167553248412316e-01
1.000887638236199306e+00
9.972628472201555683e-01
9.889914308345494343e-01
1.000431643729479125e+00
1.005813835149709679e+00
1.010591067996235992e+00
9.968923858780642799e-01
1.002561438310375586e+00
9.863059017208919421e-01
9.892251534515755784e-01
9.982986634713982843e-01
1.008166649121605030e+00
9.977936197880304947e-01
1.003204017597926656e+00
9.909028056475434054e-01
1.017127389432301854e+00
1.003393574864922977e+00
9.813731871774454829e-01
9.821202004823357257e-01
9.955373109253308206e-01
9.960336004117262831e-01
9.849782732748290082e-01
9.875297347531878378e-01
9.875947276125975893e-01
1.022218650112077132e+00
1.003064286980213549e+00
1.001193981894249463e+00
9.918843933729069029e-01
1.006725987925399801e+00
1.001303665310587787e+00
9.981398680912914045e-01
9.910850815515299672e-01
9.982094998559326582e-01
1.000703542572242366e+00
1.009466306636669364e+00
1.004061679372390659e+00
9.799965110726979178e-01
1.000410657838065820e+00
1.008475057043782597e+00
1.012594018192618295e+00
1.002097249610774066e+00
9.998076857084869928e-01
1.001060018898611181e+00
9.894023223053037830e-01
9.946665576937527842e-01
9.850638435362597534e-01
1.019253118416646009e+00
9.920425877009269033e-01
1.012220034776733169e+00
9.822356662724009979e-01
1.006463565339641431e+00
9.979098787735249942e-01
9.975803770746549670e-01
9.819581668775573258e-01
9.978235366786848415e-01
9.911277938830160839e-01
1.008914040062684814e+00
1.011636310950879469e+00
1.001103206789373923e+00
1.008057262435771317e+00
1.012902271636411777e+00
1.023881469560832702e+00
1.008840422068379983e+00
1.006436002645679562e+00
1.008959875724657840e+00
1.008982805366834823e+00
9.957391266836655985e-01
9.951101467954523994e-01
1.014689525755761546e+00
9.901225102760150554e-01
1.008644418247850671e+00
9.959976221879340841e-01
1.007930067203260505e+00
9.937803317164619621e-01
9.967804899439390853e-01
1.022167991918852215e+00
9.836088301484104957e-01
1.010439602731683539e+00
1.013000308034701646e+00
9.957296591491288096e-01
1.023398119505762427e+00
1.003975765263527276e+00
1.004818110609648096e+00
1.003960093017540078e+00
9.876395335503609374e-01
9.843503721590551869e-01
1.006692442086422501e+00
1.001478651438127976e+00
1.016071749532037716e+00
1.003688521249003207e+00
9.998881185105140679e-01
1.007536789493201912e+00
9.814567402351249692e-01
9.954451021519713505e-01
1.007096663003309134e+00
9.924205829975322191e-01
9.924099867391352747e-01
1.003078917671454517e+00
9.851826543930987112e-01
1.006269889189214561e+00
9.968805455775476831e-01
9.779662416294564453e-01
9.904196385322258100e-01
1.010729072754369184e+00
9.948882767206947975e-01
1.003575008250353839e+00
1.013537628528381696e+00
9.948976588240950880e-01
9.889242855572332180e-01
1.014921301008145482e+00
1.000043818766288783e+00
1.011489017415807101e+00
1.010973065100434498e+00
1.004698181045778904e+00
1.015034816474344126e+00
1.016188196267727051e+00
9.978505665111118139e-01
9.770763631326674359e-01
9.887898552340474989e-01
1.005334449359028159e+00
9.968086192325638084e-01
1.020640870397262479e+00
9.891357102419985337e-01
1.014848689920283320e+00
9.911992774095859104e-01
9.876667652707700196e-01
1.006225004445141735e+00
1.005770038477895145e+00
9.967641448798326698e-01
1.004928056403614267e+00
1.002609034720510328e+00
9.869662179439513405e-01
9.957818650806209426e-01
9.916315368342571990e-01
9.934607428734367751e-01
1.013395427221456924e+00
1.008717579043240997e+00
9.969190597987254154e-01
1.010492833550783009e+00
1.009642534224767463e+00
9.993112159320487464e-01
1.009418348330725523e+00
9.971971042539063967e-01
1.012141416973775243e+00
9.946911616274737300e-01
1.005148940254806611e+00
9.942441190036086507e-01
1.005994759833955809e+00
1.014936486796133464e+00
9.881565062623215434e-01
9.935027366270087201e-01
9.904286409854062834e-01
9.971437812612083951e-01
1.006146121129821491e+00
1.000605788833620169e+00
1.001233642886502739e+00
9.901119762931199775e-01
9.921445766072678474e-01
9.984729532900121773e-01
9.868467890318994851e-01
1.000762074396317036e+00
9.958292477771462092e-01
1.005854078067577317e+00
9.977508107800245885e-01
9.944193964484430159e-01
9.997874895393386030e-01
1.013242630645225573e+00
9.981157460686127525e-01
1.003138129392668443e+00
1.009433789429351691e+00
1.002959608231144939e+00
9.908366371243316761e-01
1.004285432823746493e+00
1.013386519007843933e+00
9.840549823174347122e-01
1.009372702794822718e+00
1.011730009065968439e+00
1.002273952495171372e+00
1.020068915053576886e+00
9.929353923270476390e-01
9.923158339527635707e-01
9.910010169713204808e-01
9.952935070093815728e-01
1.009900821936283721e+00
9.952252461079093004e-01
1.005781572422605574e+00
1.018794104809708889e+00
9.950367627799387993e-01
9.961069599557728083e-01
1.000062154312518992e+00
9.907154961786613923e-01
1.006048944994942573e+00
1.003936607618278298e+00
1.018343693571104769e+00
9.879983726296319713e-01
1.001233473571301102e+00
1.015271363971411933e+00
1.014992174055255880e+00
1.007477680064274628e+00
9.986672689191495866e-01
9.992857532408107035e-01
1.006966668715024271e+00
9.990982513540543897e-01
1.012223280988801211e+00
9.995952584626071058e-01
9.878248407822022292e-01
1.009722764493012237e+00
1.002361716751549503e+00
1.000648384406162217e+00
9.887653866121408619e-01
1.032814291562861087e+00
1.005822775474588759e+00
1.000324770614354097e+00
9.982051607280364447e-01
1.016306934143046625e+00
9.928308877075150418e-01
9.930167267644796070e-01
9.959653277314277631e-01
1.005732262792544907e+00
9.988485339173144295e-01
9.927701309422650722e-01
1.002988190704146687e+00
9.995636060130785872e-01
1.000241167950982835e+00
1.002988569815625786e+00
9.954215553768238633e-01
9.838488550890329698e-01
1.003555988529065246e+00
1.010262833315825226e+00
1.004979212242301356e+00
9.781147171917303762e-01
1.001670404643135504e+00
1.004246262837897641e+00
9.859356105401565484e-01
1.007707158218061894e+00
9.974485829392244485e-01
1.007506917306130845e+00
1.005216307265210052e+00
1.015009731278125882e+00
9.998065697950500041e-01
9.986192713414391298e-01
9.997833737027858048e-01
9.876956039407309706e-01
9.848150944444661326e-01
9.976808288780776302e-01
1.006795206948409627e+00
1.004601555471401619e+00
1.016203892549117471e+00
1.007175118454860518e+00
1.014903495195692118e+00
1.021221783318807308e+00
9.877807258908954946e-01
1.001939896821263165e+00
9.957141787670997779e-01
9.932155503720191403e-01
9.914046047645176385e-01
1.007491546366554358e+00
1.006649885831249813e+00
1.003437828118746156e+00
1.011852049894570005e+00
1.012122792740292043e+00
9.956072592387061881e-01
1.005656168170213416e+00
1.006620409127001237e+00
1.018281037610864415e+00
1.005069943497061358e+00
9.940778965831325031e-01
1.005926799180544284e+00
9.965173643661285885e-01
1.007729979023195277e+00
1.008811609986077773e+00
1.014942361000268134e+00
9.978083533444436215e-01
9.929369609103938510e-01
9.808408412298117440e-01
9.732851823352406395e-01
1.007480051021820477e+00
9.998862882512883354e-01
1.018105154951703506e+00
9.991480054458322657e-01
9.835734689484388893e-01
9.777397056980851042e-01
9.938825754979653260e-01
9.713002705545883408e-01
9.887588704916109306e-01
9.885891583332864219e-01
1.000145253132579626e+00
9.929644063628897399e-01
9.838317333034867218e-01
1.005258544144856714e+00
9.963282233724962689e-01
9.995085040564232193e-01
9.857313948832475692e-01
1.020138764204917559e+00
9.981756433676804985e-01
9.916380975862387759e-01
9.887159734447500403e-01
9.886152663080008951e-01
1.013262767086125393e+00
9.911312407769352628e-01
9.982221155901759291e-01
1.000896697984954953e+00
1.010944194073011948e+00
9.943752710351857482e-01
9.851185128332782259e-01
9.955309665979081846e-01
9.970951944413053436e-01
9.963327338542512512e-01
9.902540183952304176e-01
9.908519015170303978e-01
9.932423707011297509e-01
1.016850993454219365e+00
9.934462550314520080e-01
1.009314287488124018e+00
1.000274093000141917e+00
1.002399297366079134e+00
1.007285402308926381e+00
1.013799270880900494e+00
9.988759683304105907e-01
9.884340055338488584e-01
9.890923821726437248e-01
9.756404073016243794e-01
1.004300504121927728e+00
9.984141857288407751e-01
1.015749773577334425e+00
1.007297255006055048e+00
1.002866263994713902e+00
9.982454569089117546e-01
9.983527538420482461e-01
9.983478238423485474e-01
9.922633034579632083e-01
9.987190435275278277e-01
1.007746717149681004e+00
9.945163282859953435e-01
9.946728438330425526e-01
9.893091655716983457e-01
1.007487857559188571e+00
9.976812310391414140e-01
1.007336024167148292e+00
9.962693854297975937e-01
9.920999855732245409e-01
9.991466995276463425e-01
1.003147460270352731e+00
1.001341174269683609e+00
9.871771246286530355e-01
9.928173606592570755e-01
1.008302960601612064e+00
9.971578789329182957e-01
1.000863826107855070e+00
9.968189374509963674e-01
9.874967014006090782e-01
9.942700228282048691e-01
9.909805399227075151e-01
9.734221281796018310e-01
9.987019188826362637e-01
9.816225101541770082e-01
9.793592536337765164e-01
9.999426648863302125e-01
1.025690680642518338e+00
9.923712663911476994e-01
9.865731485368793852e-01
1.000624933861161248e+00
1.004598056514241167e+00
9.973842316994565582e-01
9.860022515744965022e-01
9.947603778747808878e-01
9.849507011494013087e-01
1.003835640287709774e+00
9.996179301289578323e-01
