-4.995000000000000107e+00 4.783896373538199853e+00
-4.985000000000000320e+00 3.349646056512814773e+00
-4.975000000000000533e+00 1.690645842602883198e+00
-4.965000000000000746e+00 9.255541128781336058e-01
-4.955000000000000959e+00 9.551582233017932300e-01
-4.945000000000001172e+00 7.680613576142201193e-01
-4.935000000000001386e+00 -2.141621669603087086e-01
-4.925000000000001599e+00 -1.337049598033808628e+00
-4.915000000000001812e+00 -1.405815848642620436e+00
-4.905000000000002025e+00 -8.600345050820309978e-02
-4.895000000000002238e+00 1.605238846176940903e+00
-4.885000000000002451e+00 2.307899344533481223e+00
-4.875000000000002665e+00 1.707106781186829014e+00
-4.865000000000002878e+00 7.465916875813549680e-01
-4.855000000000003091e+00 4.560279447752586535e-01
-4.845000000000003304e+00 7.583890496114416013e-01
-4.835000000000003517e+00 6.281261924006120712e-01
-4.825000000000003730e+00 -5.984951178972290897e-01
-4.815000000000003944e+00 -2.296592359774313863e+00
-4.805000000000004157e+00 -3.111119186398800807e+00
-4.795000000000004370e+00 -2.394423131709089603e+00
-4.785000000000004583e+00 -8.971045812798497110e-01
-4.775000000000004796e+00 7.151095178221766879e-02
-4.765000000000005009e+00 5.651201461217453259e-02
-4.755000000000005222e+00 -1.565855600103588374e-01
-4.745000000000005436e+00 4.050960312630382809e-01
-4.735000000000005649e+00 1.652091707358699146e+00
-4.725000000000005862e+00 2.448636069557680539e+00
-4.715000000000006075e+00 1.891436163965823258e+00
-4.705000000000006288e+00 3.833260468427656109e-01
-4.695000000000006501e+00 -7.444872422338661977e-01
-4.685000000000006715e+00 -6.511443910579606253e-01
-4.675000000000006928e+00 1.560316337323680580e-01
-4.665000000000007141e+00 4.848897259269585591e-01
-4.655000000000007354e+00 -1.354282362225517899e-01
-4.645000000000007567e+00 -9.254008403684961248e-01
-4.635000000000007780e+00 -8.036324324260383234e-01
-4.625000000000007994e+00 2.928932188124608316e-01
-4.615000000000008207e+00 1.254368120485897187e+00
-4.605000000000008420e+00 1.007441229333092547e+00
-4.595000000000008633e+00 -2.857952847619379955e-01
-4.585000000000008846e+00 -1.410317235944460457e+00
-4.575000000000009059e+00 -1.456554895301295005e+00
-4.565000000000009273e+00 -8.065598874656062511e-01
-4.555000000000009486e+00 -6.315608725337906737e-01
-4.545000000000009699e+00 -1.493757097428625391e+00
-4.535000000000009912e+00 -2.669410953906087514e+00
-4.525000000000010125e+00 -2.974724886443593341e+00
-4.515000000000010338e+00 -2.142375268799766808e+00
-4.505000000000010552e+00 -1.158074200277538379e+00
-4.495000000000010765e+00 -1.158074200276257848e+00
-4.485000000000010978e+00 -2.142375268797380716e+00
-4.475000000000011191e+00 -2.974724886442870364e+00
-4.465000000000011404e+00 -2.669410953908009532e+00
-4.455000000000011617e+00 -1.493757097431257730e+00
-4.445000000000011831e+00 -6.315608725345447372e-01
-4.435000000000012044e+00 -8.065598874644022143e-01
-4.425000000000012257e+00 -1.456554895300300911e+00
-4.415000000000012470e+00 -1.410317235945815373e+00
-4.405000000000012683e+00 -2.857952847650027106e-01
-4.395000000000012896e+00 1.007441229331229593e+00
-4.385000000000013110e+00 1.254368120486846649e+00
-4.375000000000013323e+00 2.928932188151245897e-01
-4.365000000000013536e+00 -8.036324324245168738e-01
-4.355000000000013749e+00 -9.254008403695058727e-01
-4.345000000000013962e+00 -1.354282362243869331e-01
-4.335000000000014175e+00 4.848897259265931292e-01
-4.325000000000014388e+00 1.560316337339431314e-01
-4.315000000000014602e+00 -6.511443910565740678e-01
-4.305000000000014815e+00 -7.444872422350180541e-01
-4.295000000000015028e+00 3.833260468395118248e-01
-4.285000000000015241e+00 1.891436163963304384e+00
-4.275000000000015454e+00 2.448636069558039363e+00
-4.265000000000015667e+00 1.652091707361345474e+00
-4.255000000000015881e+00 4.050960312651665785e-01
-4.245000000000016094e+00 -1.565855600102067369e-01
-4.235000000000016307e+00 5.651201461153207428e-02
-4.225000000000016520e+00 7.151095178311983602e-02
-4.215000000000016733e+00 -8.971045812768529970e-01
-4.205000000000016946e+00 -2.394423131706366448e+00
-4.195000000000017160e+00 -3.111119186398891845e+00
-4.185000000000017373e+00 -2.296592359777382963e+00
-4.175000000000017586e+00 -5.984951179007507172e-01
-4.165000000000017799e+00 6.281261923991989793e-01
-4.155000000000018012e+00 7.583890496120093694e-01
-4.145000000000018225e+00 4.560279447755237747e-01
-4.135000000000018439e+00 7.465916875798241925e-01
-4.125000000000018652e+00 1.707106781184712041e+00
-4.115000000000018865e+00 2.307899344533482555e+00
-4.105000000000019078e+00 1.605238846179785961e+00
-4.095000000000019291e+00 -8.600345050453067630e-02
-4.085000000000019504e+00 -1.405815848641157162e+00
-4.075000000000019718e+00 -1.337049598035451536e+00
-4.065000000000019931e+00 -2.141621669629302227e-01
-4.055000000000020144e+00 7.680613576129839970e-01
-4.045000000000020357e+00 9.551582233019950685e-01
-4.035000000000020570e+00 9.255541128776653137e-01
-4.025000000000020783e+00 1.690645842600117410e+00
-4.015000000000020997e+00 3.349646056509059999e+00
-4.005000000000021210e+00 4.783896373536427937e+00
-3.995000000000021423e+00 4.783896373540015290e+00
-3.985000000000021636e+00 3.349646056516677017e+00
-3.975000000000021849e+00 1.690645842605705607e+00
-3.965000000000022062e+00 9.255541128786589633e-01
-3.955000000000022276e+00 9.551582233016043810e-01
-3.945000000000022489e+00 7.680613576154865507e-01
-3.935000000000022702e+00 -2.141621669576246334e-01
-3.925000000000022915e+00 -1.337049598032205910e+00
-3.915000000000023128e+00 -1.405815848644116794e+00
-3.905000000000023341e+00 -8.600345051199781432e-02
-3.895000000000023554e+00 1.605238846173975276e+00
-3.885000000000023768e+00 2.307899344533557162e+00
-3.875000000000023981e+00 1.707106781188939992e+00
-3.865000000000024194e+00 7.465916875828975119e-01
-3.855000000000024407e+00 4.560279447749507886e-01
-3.845000000000024620e+00 7.583890496108145474e-01
-3.835000000000024833e+00 6.281261924020362652e-01
-3.825000000000025047e+00 -5.984951178936775973e-01
-3.815000000000025260e+00 -2.296592359771206127e+00
-3.805000000000025473e+00 -3.111119186398742631e+00
-3.795000000000025686e+00 -2.394423131711960195e+00
-3.785000000000025899e+00 -8.971045812828635224e-01
-3.775000000000026112e+00 7.151095178128885621e-02
-3.765000000000026326e+00 5.651201461284630079e-02
-3.755000000000026539e+00 -1.565855600105162670e-01
-3.745000000000026752e+00 4.050960312607693181e-01
-3.735000000000026965e+00 1.652091707356078354e+00
-3.725000000000027178e+00 2.448636069557317274e+00
-3.715000000000027391e+00 1.891436163968443385e+00
-3.705000000000027605e+00 3.833260468460634729e-01
-3.695000000000027818e+00 -7.444872422326807015e-01
-3.685000000000028031e+00 -6.511443910592789042e-01
-3.675000000000028244e+00 1.560316337307703360e-01
-3.665000000000028457e+00 4.848897259273699523e-01
-3.655000000000028670e+00 -1.354282362205943835e-01
-3.645000000000028884e+00 -9.254008403675368921e-01
-3.635000000000029097e+00 -8.036324324275424535e-01
-3.625000000000029310e+00 2.928932188097594924e-01
-3.615000000000029523e+00 1.254368120484916194e+00
-3.605000000000029736e+00 1.007441229335106936e+00
-3.595000000000029949e+00 -2.857952847589284584e-01
-3.585000000000030163e+00 -1.410317235943082892e+00
-3.575000000000030376e+00 -1.456554895302314412e+00
-3.565000000000030589e+00 -8.065598874669093199e-01
-3.555000000000030802e+00 -6.315608725330184026e-01
-3.545000000000031015e+00 -1.493757097426063885e+00
-3.535000000000031228e+00 -2.669410953904179706e+00
-3.525000000000031442e+00 -2.974724886444298555e+00
-3.515000000000031655e+00 -2.142375268802216404e+00
-3.505000000000031868e+00 -1.158074200278863319e+00
-3.495000000000032081e+00 -1.158074200274963328e+00
-3.485000000000032294e+00 -2.142375268794950660e+00
-3.475000000000032507e+00 -2.974724886442155380e+00
-3.465000000000032720e+00 -2.669410953909917339e+00
-3.455000000000032934e+00 -1.493757097433829895e+00
-3.445000000000033147e+00 -6.315608725353082376e-01
-3.435000000000033360e+00 -8.065598874630909298e-01
-3.425000000000033573e+00 -1.456554895299267294e+00
-3.415000000000033786e+00 -1.410317235947151193e+00
-3.405000000000033999e+00 -2.857952847680426678e-01
-3.395000000000034213e+00 1.007441229329251620e+00
-3.385000000000034426e+00 1.254368120487819649e+00
-3.375000000000034639e+00 2.928932188178259288e-01
-3.365000000000034852e+00 -8.036324324229775495e-01
-3.355000000000035065e+00 -9.254008403705011876e-01
-3.345000000000035278e+00 -1.354282362263725392e-01
-3.335000000000035492e+00 4.848897259262145432e-01
-3.325000000000035705e+00 1.560316337355566185e-01
-3.315000000000035918e+00 -6.511443910552506820e-01
-3.305000000000036131e+00 -7.444872422361864528e-01
-3.295000000000036344e+00 3.833260468362414408e-01
-3.285000000000036557e+00 1.891436163960684258e+00
-3.275000000000036771e+00 2.448636069558431494e+00
-3.265000000000036984e+00 1.652091707364016004e+00
-3.255000000000037197e+00 4.050960312673873576e-01
-3.245000000000037410e+00 -1.565855600100259926e-01
-3.235000000000037623e+00 5.651201461083799060e-02
-3.225000000000037836e+00 7.151095178406563502e-02
-3.215000000000038050e+00 -8.971045812738027703e-01
-3.205000000000038263e+00 -2.394423131703518504e+00
-3.195000000000038476e+00 -3.111119186398961123e+00
-3.185000000000038689e+00 -2.296592359780550208e+00
-3.175000000000038902e+00 -5.984951179043034308e-01
-3.165000000000039115e+00 6.281261923977927708e-01
-3.155000000000039329e+00 7.583890496125503811e-01
-3.145000000000039542e+00 4.560279447758046611e-01
-3.135000000000039755e+00 7.465916875782817597e-01
-3.125000000000039968e+00 1.707106781182546884e+00
-3.115000000000040181e+00 2.307899344533406172e+00
-3.105000000000040394e+00 1.605238846182674095e+00
-3.095000000000040608e+00 -8.600345050077631837e-02
-3.085000000000040821e+00 -1.405815848639674792e+00
-3.075000000000041034e+00 -1.337049598037098885e+00
-3.065000000000041247e+00 -2.141621669655779936e-01
-3.055000000000041460e+00 7.680613576117290009e-01
-3.045000000000041673e+00 9.551582233022191115e-01
-3.035000000000041886e+00 9.255541128771854753e-01
-3.025000000000042100e+00 1.690645842597343629e+00
-3.015000000000042313e+00 3.349646056505275471e+00
-3.005000000000042526e+00 4.783896373534606283e+00
-2.995000000000042739e+00 4.783896373541805858e+00
-2.985000000000042952e+00 3.349646056520517501e+00
-2.975000000000043165e+00 1.690645842608514693e+00
-2.965000000000043379e+00 9.255541128791673344e-01
-2.955000000000043592e+00 9.551582233013540257e-01
-2.945000000000043805e+00 7.680613576167201195e-01
-2.935000000000044018e+00 -2.141621669549286233e-01
-2.925000000000044231e+00 -1.337049598030604081e+00
-2.915000000000044444e+00 -1.405815848645585842e+00
-2.905000000000044658e+00 -8.600345051572341748e-02
-2.895000000000044871e+00 1.605238846171022526e+00
-2.885000000000045084e+00 2.307899344533606900e+00
-2.875000000000045297e+00 1.707106781191084943e+00
-2.865000000000045510e+00 7.465916875844688105e-01
-2.855000000000045723e+00 4.560279447747045412e-01
-2.845000000000045937e+00 7.583890496102115852e-01
-2.835000000000046150e+00 6.281261924034414745e-01
-2.825000000000046363e+00 -5.984951178900800306e-01
-2.815000000000046576e+00 -2.296592359768041547e+00
-2.805000000000046789e+00 -3.111119186398652037e+00
-2.795000000000047002e+00 -2.394423131714814801e+00
-2.785000000000047216e+00 -8.971045812858717827e-01
-2.775000000000047429e+00 7.151095178036737110e-02
-2.765000000000047642e+00 5.651201461349533717e-02
-2.755000000000047855e+00 -1.565855600106527135e-01
-2.745000000000048068e+00 4.050960312585925038e-01
-2.735000000000048281e+00 1.652091707353384065e+00
-2.725000000000048495e+00 2.448636069556942463e+00
-2.715000000000048708e+00 1.891436163971067952e+00
-2.705000000000048921e+00 3.833260468494030238e-01
-2.695000000000049134e+00 -7.444872422315302884e-01
-2.685000000000049347e+00 -6.511443910606657948e-01
-2.675000000000049560e+00 1.560316337291889899e-01
-2.665000000000049774e+00 4.848897259277477612e-01
-2.655000000000049987e+00 -1.354282362186084721e-01
-2.645000000000050200e+00 -9.254008403665416882e-01
-2.635000000000050413e+00 -8.036324324290915477e-01
-2.625000000000050626e+00 2.928932188070925147e-01
-2.615000000000050839e+00 1.254368120483961846e+00
-2.605000000000051052e+00 1.007441229337062705e+00
-2.595000000000051266e+00 -2.857952847558214438e-01
-2.585000000000051479e+00 -1.410317235941735525e+00
-2.575000000000051692e+00 -1.456554895303331598e+00
-2.565000000000051905e+00 -8.065598874682140540e-01
-2.555000000000052118e+00 -6.315608725322395811e-01
-2.545000000000052331e+00 -1.493757097423417779e+00
-2.535000000000052545e+00 -2.669410953902289219e+00
-2.525000000000052758e+00 -2.974724886445047289e+00
-2.515000000000052971e+00 -2.142375268804611821e+00
-2.505000000000053184e+00 -1.158074200280188037e+00
-2.495000000000053397e+00 -1.158074200273634835e+00
-2.485000000000053610e+00 -2.142375268792498400e+00
-2.475000000000053824e+00 -2.974724886441433291e+00
-2.465000000000054037e+00 -2.669410953911821593e+00
-2.455000000000054250e+00 -1.493757097436471337e+00
-2.445000000000054463e+00 -6.315608725360664089e-01
-2.435000000000054676e+00 -8.065598874617863068e-01
-2.425000000000054889e+00 -1.456554895298296071e+00
-2.415000000000055103e+00 -1.410317235948536529e+00
-2.405000000000055316e+00 -2.857952847711346389e-01
-2.395000000000055529e+00 1.007441229327322940e+00
-2.385000000000055742e+00 1.254368120488800864e+00
-2.375000000000055955e+00 2.928932188204928511e-01
-2.365000000000056168e+00 -8.036324324214337844e-01
-2.355000000000056382e+00 -9.254008403714588660e-01
-2.345000000000056595e+00 -1.354282362283258656e-01
-2.335000000000056808e+00 4.848897259258257986e-01
-2.325000000000057021e+00 1.560316337371762119e-01
-2.315000000000057234e+00 -6.511443910538798896e-01
-2.305000000000057447e+00 -7.444872422373681742e-01
-2.295000000000057661e+00 3.833260468329146575e-01
-2.285000000000057874e+00 1.891436163958116534e+00
-2.275000000000058087e+00 2.448636069558812522e+00
-2.265000000000058300e+00 1.652091707366637685e+00
-2.255000000000058513e+00 4.050960312695918164e-01
-2.245000000000058726e+00 -1.565855600098825517e-01
-2.235000000000058940e+00 5.651201461018329208e-02
-2.225000000000059153e+00 7.151095178498834137e-02
-2.215000000000059366e+00 -8.971045812707855172e-01
-2.205000000000059579e+00 -2.394423131700663454e+00
-2.195000000000059792e+00 -3.111119186399047720e+00
-2.185000000000060005e+00 -2.296592359783675708e+00
-2.175000000000060218e+00 -5.984951179078780159e-01
-2.165000000000060432e+00 6.281261923963643579e-01
-2.155000000000060645e+00 7.583890496131689973e-01
-2.145000000000060858e+00 4.560279447760811067e-01
-2.135000000000061071e+00 7.465916875767150129e-01
-2.125000000000061284e+00 1.707106781180427690e+00
-2.115000000000061497e+00 2.307899344533363095e+00
-2.105000000000061711e+00 1.605238846185615742e+00
-2.095000000000061924e+00 -8.600345049702853850e-02
-2.085000000000062137e+00 -1.405815848638206633e+00
-2.075000000000062350e+00 -1.337049598038726472e+00
-2.065000000000062563e+00 -2.141621669682645668e-01
-2.055000000000062776e+00 7.680613576104668994e-01
-2.045000000000062990e+00 9.551582233024491497e-01
-2.035000000000063203e+00 9.255541128766455738e-01
-2.025000000000063416e+00 1.690645842594521664e+00
-2.015000000000063629e+00 3.349646056501422553e+00
-2.005000000000063842e+00 4.783896373532805946e+00
-1.995000000000064055e+00 4.783896373543622182e+00
-1.985000000000064269e+00 3.349646056524341997e+00
-1.975000000000064482e+00 1.690645842611327998e+00
-1.965000000000064695e+00 9.255541128796819228e-01
-1.955000000000064908e+00 9.551582233011564060e-01
-1.945000000000065121e+00 7.680613576179806667e-01
-1.935000000000065334e+00 -2.141621669522618121e-01
-1.925000000000065548e+00 -1.337049598028946740e+00
-1.915000000000065761e+00 -1.405815848647065547e+00
-1.905000000000065974e+00 -8.600345051946564623e-02
-1.895000000000066187e+00 1.605238846168113298e+00
-1.885000000000066400e+00 2.307899344533656194e+00
-1.875000000000066613e+00 1.707106781193175715e+00
-1.865000000000066827e+00 7.465916875860199031e-01
-1.855000000000067040e+00 4.560279447744058912e-01
-1.845000000000067253e+00 7.583890496096415967e-01
-1.835000000000067466e+00 6.281261924048761047e-01
-1.825000000000067679e+00 -5.984951178865283161e-01
-1.815000000000067892e+00 -2.296592359764891178e+00
-1.805000000000068106e+00 -3.111119186398579650e+00
-1.795000000000068319e+00 -2.394423131717639652e+00
-1.785000000000068532e+00 -8.971045812889152371e-01
-1.775000000000068745e+00 7.151095177943056491e-02
-1.765000000000068958e+00 5.651201461417820759e-02
-1.755000000000069171e+00 -1.565855600108234658e-01
-1.745000000000069384e+00 4.050960312563662846e-01
-1.735000000000069598e+00 1.652091707350752836e+00
-1.725000000000069811e+00 2.448636069556552552e+00
-1.715000000000070024e+00 1.891436163973635676e+00
-1.705000000000070237e+00 3.833260468527160403e-01
-1.695000000000070450e+00 -7.444872422303552284e-01
-1.685000000000070663e+00 -6.511443910620273723e-01
-1.675000000000070877e+00 1.560316337275825527e-01
-1.665000000000071090e+00 4.848897259281315097e-01
-1.655000000000071303e+00 -1.354282362166560061e-01
-1.645000000000071516e+00 -9.254008403655747950e-01
-1.635000000000071729e+00 -8.036324324306198807e-01
-1.625000000000071942e+00 2.928932188043686380e-01
-1.615000000000072156e+00 1.254368120482982185e+00
-1.605000000000072369e+00 1.007441229339038680e+00
-1.595000000000072582e+00 -2.857952847527485685e-01
-1.585000000000072795e+00 -1.410317235940365066e+00
-1.575000000000073008e+00 -1.456554895304344566e+00
-1.565000000000073221e+00 -8.065598874694938081e-01
-1.555000000000073435e+00 -6.315608725314769689e-01
-1.545000000000073648e+00 -1.493757097420792768e+00
-1.535000000000073861e+00 -2.669410953900341443e+00
-1.525000000000074074e+00 -2.974724886445785366e+00
-1.515000000000074287e+00 -2.142375268807060529e+00
-1.505000000000074500e+00 -1.158074200281497657e+00
-1.495000000000074714e+00 -1.158074200272313448e+00
-1.485000000000074927e+00 -2.142375268790095877e+00
-1.475000000000075140e+00 -2.974724886440706317e+00
-1.465000000000075353e+00 -2.669410953913739171e+00
-1.455000000000075566e+00 -1.493757097439089243e+00
-1.445000000000075779e+00 -6.315608725368465626e-01
-1.435000000000075993e+00 -8.065598874605064417e-01
-1.425000000000076206e+00 -1.456554895297268670e+00
-1.415000000000076419e+00 -1.410317235949908987e+00
-1.405000000000076632e+00 -2.857952847741834224e-01
-1.395000000000076845e+00 1.007441229325333865e+00
-1.385000000000077058e+00 1.254368120489773863e+00
-1.375000000000077272e+00 2.928932188232117872e-01
-1.365000000000077485e+00 -8.036324324199005664e-01
-1.355000000000077698e+00 -9.254008403724607312e-01
-1.345000000000077911e+00 -1.354282362302661746e-01
-1.335000000000078124e+00 4.848897259254310588e-01
-1.325000000000078337e+00 1.560316337387436803e-01
-1.315000000000078550e+00 -6.511443910525182011e-01
-1.305000000000078764e+00 -7.444872422385397925e-01
-1.295000000000078977e+00 3.833260468296195711e-01
-1.285000000000079190e+00 1.891436163955494187e+00
-1.275000000000079403e+00 2.448636069559197104e+00
-1.265000000000079616e+00 1.652091707369312212e+00
-1.255000000000079829e+00 4.050960312718119294e-01
-1.245000000000080043e+00 -1.565855600097221245e-01
-1.235000000000080256e+00 5.651201460952928746e-02
-1.225000000000080469e+00 7.151095178590693990e-02
-1.215000000000080682e+00 -8.971045812677568287e-01
-1.205000000000080895e+00 -2.394423131697837270e+00
-1.195000000000081108e+00 -3.111119186399127212e+00
-1.185000000000081322e+00 -2.296592359786825188e+00
-1.175000000000081535e+00 -5.984951179114694764e-01
-1.165000000000081748e+00 6.281261923949370551e-01
-1.155000000000081961e+00 7.583890496137536408e-01
-1.145000000000082174e+00 4.560279447763536664e-01
-1.135000000000082387e+00 7.465916875751659187e-01
-1.125000000000082601e+00 1.707106781178306942e+00
-1.115000000000082814e+00 2.307899344533312913e+00
-1.105000000000083027e+00 1.605238846188565827e+00
-1.095000000000083240e+00 -8.600345049328023128e-02
-1.085000000000083453e+00 -1.405815848636720489e+00
-1.075000000000083666e+00 -1.337049598040355836e+00
-1.065000000000083880e+00 -2.141621669709349307e-01
-1.055000000000084093e+00 7.680613576092136796e-01
-1.045000000000084306e+00 9.551582233026624236e-01
-1.035000000000084519e+00 9.255541128761390901e-01
-1.025000000000084732e+00 1.690645842591711467e+00
-1.015000000000084945e+00 3.349646056497583402e+00
-1.005000000000085159e+00 4.783896373530994950e+00
-9.950000000000853717e-01 4.783896373545426961e+00
-9.850000000000855849e-01 3.349646056528165161e+00
-9.750000000000857980e-01 1.690645842614123318e+00
-9.650000000000860112e-01 9.255541128801937356e-01
-9.550000000000862244e-01 9.551582233009325851e-01
-9.450000000000864375e-01 7.680613576192374392e-01
-9.350000000000866507e-01 -2.141621669495791247e-01
-9.250000000000868638e-01 -1.337049598027308051e+00
-9.150000000000870770e-01 -1.405815848648546806e+00
-9.050000000000872902e-01 -8.600345052321609063e-02
-8.950000000000875033e-01 1.605238846165180977e+00
-8.850000000000877165e-01 2.307899344533707264e+00
-8.750000000000879297e-01 1.707106781195308676e+00
-8.650000000000881428e-01 7.465916875875706626e-01
-8.550000000000883560e-01 4.560279447741270031e-01
-8.450000000000885692e-01 7.583890496090366362e-01
-8.350000000000887823e-01 6.281261924063035185e-01
-8.250000000000889955e-01 -5.984951178829653884e-01
-8.150000000000892086e-01 -2.296592359761757685e+00
-8.050000000000894218e-01 -3.111119186398496606e+00
-7.950000000000896350e-01 -2.394423131720479603e+00
-7.850000000000898481e-01 -8.971045812919515861e-01
-7.750000000000900613e-01 7.151095177851118923e-02
-7.650000000000902745e-01 5.651201461484467448e-02
-7.550000000000904876e-01 -1.565855600109734569e-01
-7.450000000000907008e-01 4.050960312541576069e-01
-7.350000000000909139e-01 1.652091707348103178e+00
-7.250000000000911271e-01 2.448636069556174633e+00
-7.150000000000913403e-01 1.891436163976238483e+00
-7.050000000000915534e-01 3.833260468560219514e-01
-6.950000000000917666e-01 -7.444872422291809455e-01
-6.850000000000919798e-01 -6.511443910633901710e-01
-6.750000000000921929e-01 1.560316337259819441e-01
-6.650000000000924061e-01 4.848897259285179784e-01
-6.550000000000926192e-01 -1.354282362147208318e-01
-6.450000000000928324e-01 -9.254008403645750391e-01
-6.350000000000930456e-01 -8.036324324321636459e-01
-6.250000000000932587e-01 2.928932188016656335e-01
-6.150000000000934719e-01 1.254368120482002524e+00
-6.050000000000936851e-01 1.007441229341000000e+00
-5.950000000000938982e-01 -2.857952847496982307e-01
-5.850000000000941114e-01 -1.410317235938995717e+00
-5.750000000000943245e-01 -1.456554895305349540e+00
-5.650000000000945377e-01 -8.065598874707913257e-01
-5.550000000000947509e-01 -6.315608725307036986e-01
-5.450000000000949640e-01 -1.493757097418179747e+00
-5.350000000000951772e-01 -2.669410953898417205e+00
-5.250000000000953904e-01 -2.974724886446504790e+00
-5.150000000000956035e-01 -2.142375268809488364e+00
-5.050000000000958167e-01 -1.158074200282807054e+00
-4.950000000000960299e-01 -1.158074200271003384e+00
-4.850000000000962430e-01 -2.142375268787656495e+00
-4.750000000000964562e-01 -2.974724886439975791e+00
-4.650000000000966693e-01 -2.669410953915674067e+00
-4.550000000000968825e-01 -1.493757097441713588e+00
-4.450000000000970957e-01 -6.315608725376166133e-01
-4.350000000000973088e-01 -8.065598874592228018e-01
-4.250000000000975220e-01 -1.456554895296263030e+00
-4.150000000000977352e-01 -1.410317235951267678e+00
-4.050000000000979483e-01 -2.857952847772704530e-01
-3.950000000000981615e-01 1.007441229323373211e+00
-3.850000000000983746e-01 1.254368120490743754e+00
-3.750000000000985878e-01 2.928932188259106839e-01
-3.650000000000988010e-01 -8.036324324183632406e-01
-3.550000000000990141e-01 -9.254008403734444999e-01
-3.450000000000992273e-01 -1.354282362321930222e-01
-3.350000000000994405e-01 4.848897259250485869e-01
-3.250000000000996536e-01 1.560316337403544473e-01
-3.150000000000998668e-01 -6.511443910511525157e-01
-3.050000000001000799e-01 -7.444872422397142975e-01
-2.950000000001002931e-01 3.833260468263108289e-01
-2.850000000001005063e-01 1.891436163952900262e+00
-2.750000000001007194e-01 2.448636069559567918e+00
-2.650000000001009326e-01 1.652091707371962759e+00
-2.550000000001011458e-01 4.050960312740132796e-01
-2.450000000001013589e-01 -1.565855600095718003e-01
-2.350000000001015721e-01 5.651201460885565964e-02
-2.250000000001017852e-01 7.151095178683508635e-02
-2.150000000001019984e-01 -8.971045812647217010e-01
-2.050000000001022116e-01 -2.394423131694999984e+00
-1.950000000001024247e-01 -3.111119186399205816e+00
-1.850000000001026379e-01 -2.296592359789957349e+00
-1.750000000001028511e-01 -5.984951179150234113e-01
-1.650000000001030642e-01 6.281261923935157476e-01
-1.550000000001032774e-01 7.583890496143551596e-01
-1.450000000001034905e-01 4.560279447766353300e-01
-1.350000000001037037e-01 7.465916875736127167e-01
-1.250000000001039169e-01 1.707106781176180643e+00
-1.150000000001041300e-01 2.307899344533264063e+00
-1.050000000001043432e-01 1.605238846191493041e+00
-9.500000000010455636e-02 -8.600345048952967586e-02
-8.500000000010476953e-02 -1.405815848635241228e+00
-7.500000000010498269e-02 -1.337049598041994969e+00
-6.500000000010519585e-02 -2.141621669736147315e-01
-5.500000000010540901e-02 7.680613576079552418e-01
-4.500000000010562218e-02 9.551582233028766966e-01
-3.500000000010583534e-02 9.255541128756321623e-01
-2.500000000010604850e-02 1.690645842588902603e+00
-1.500000000010626167e-02 3.349646056493755353e+00
-5.000000000106474829e-03 4.783896373529190171e+00
4.999999999893312008e-03 4.783896373547237957e+00
1.499999999989309885e-02 3.349646056532001204e+00
2.499999999989288568e-02 1.690645842616929961e+00
3.499999999989267252e-02 9.255541128807089901e-01
4.499999999989245936e-02 9.551582233007092082e-01
5.499999999989224619e-02 7.680613576204978754e-01
6.499999999989203303e-02 -2.141621669469037648e-01
7.499999999989181987e-02 -1.337049598025678243e+00
8.499999999989160671e-02 -1.405815848650026068e+00
9.499999999989139354e-02 -8.600345052697086490e-02
1.049999999998911804e-01 1.605238846162253763e+00
1.149999999998909672e-01 2.307899344533754338e+00
1.249999999998907541e-01 1.707106781197446299e+00
1.349999999998905409e-01 7.465916875891260851e-01
1.449999999998903277e-01 4.560279447738504466e-01
1.549999999998901146e-01 7.583890496084534361e-01
1.649999999998899014e-01 6.281261924077270464e-01
1.749999999998896882e-01 -5.984951178793970206e-01
1.849999999998894751e-01 -2.296592359758616197e+00
1.949999999998892619e-01 -3.111119186398416225e+00
2.049999999998890488e-01 -2.394423131723319997e+00
2.149999999998888356e-01 -8.971045812949829390e-01
2.249999999998886224e-01 7.151095177758093335e-02
2.349999999998884093e-01 5.651201461550597882e-02
2.449999999998881961e-01 -1.565855600111297763e-01
2.549999999998879829e-01 4.050960312519482631e-01
2.649999999998877698e-01 1.652091707345444194e+00
2.749999999998875566e-01 2.448636069555794492e+00
2.849999999998873434e-01 1.891436163978837959e+00
2.949999999998871303e-01 3.833260468593349124e-01
3.049999999998869171e-01 -7.444872422280086610e-01
3.149999999998867040e-01 -6.511443910647441990e-01
3.249999999998864908e-01 1.560316337243767837e-01
3.349999999998862776e-01 4.848897259289031147e-01
3.449999999998860645e-01 -1.354282362127786354e-01
3.549999999998858513e-01 -9.254008403635918256e-01
3.649999999998856381e-01 -8.036324324337028591e-01
3.749999999998854250e-01 2.928932187989679026e-01
3.849999999998852118e-01 1.254368120481028637e+00
3.949999999998849987e-01 1.007441229342954436e+00
4.049999999998847855e-01 -2.857952847466180279e-01
4.149999999998845723e-01 -1.410317235937626812e+00
4.249999999998843592e-01 -1.456554895306359398e+00
4.349999999998841460e-01 -8.065598874720781852e-01
4.449999999998839328e-01 -6.315608725299346471e-01
4.549999999998837197e-01 -1.493757097415561619e+00
4.649999999998835065e-01 -2.669410953896498739e+00
4.749999999998832934e-01 -2.974724886447228656e+00
4.849999999998830802e-01 -2.142375268811914424e+00
4.949999999998828670e-01 -1.158074200284120447e+00
5.049999999998826539e-01 -1.158074200269689991e+00
5.149999999998824407e-01 -2.142375268785228215e+00
5.249999999998822275e-01 -2.974724886439251481e+00
5.349999999998820144e-01 -2.669410953917592533e+00
5.449999999998818012e-01 -1.493757097444331938e+00
5.549999999998815881e-01 -6.315608725383858868e-01
5.649999999998813749e-01 -8.065598874579362754e-01
5.749999999998811617e-01 -1.456554895295248286e+00
5.849999999998809486e-01 -1.410317235952635251e+00
5.949999999998807354e-01 -2.857952847803406637e-01
6.049999999998805222e-01 1.007441229321406340e+00
6.149999999998803091e-01 1.254368120491720973e+00
6.249999999998800959e-01 2.928932188286087479e-01
6.349999999998798828e-01 -8.036324324168269140e-01
6.449999999998796696e-01 -9.254008403744365951e-01
6.549999999998794564e-01 -1.354282362341419355e-01
6.649999999998792433e-01 4.848897259246636726e-01
6.749999999998790301e-01 1.560316337419535571e-01
6.849999999998788169e-01 -6.511443910497859422e-01
6.949999999998786038e-01 -7.444872422408881363e-01
7.049999999998783906e-01 3.833260468230043072e-01
7.149999999998781774e-01 1.891436163950306337e+00
7.249999999998779643e-01 2.448636069559948503e+00
7.349999999998777511e-01 1.652091707374624630e+00
7.449999999998775380e-01 4.050960312762220683e-01
7.549999999998773248e-01 -1.565855600094167022e-01
7.649999999998771116e-01 5.651201460819008093e-02
7.749999999998768985e-01 7.151095178776167849e-02
7.849999999998766853e-01 -8.971045812616946780e-01
7.949999999998764721e-01 -2.394423131692165363e+00
8.049999999998762590e-01 -3.111119186399287972e+00
8.149999999998760458e-01 -2.296592359793101501e+00
8.249999999998758327e-01 -5.984951179185835635e-01
8.349999999998756195e-01 6.281261923920951062e-01
8.449999999998754063e-01 7.583890496149460203e-01
8.549999999998751932e-01 4.560279447769153283e-01
8.649999999998749800e-01 7.465916875720579604e-01
8.749999999998747668e-01 1.707106781174050569e+00
8.849999999998745537e-01 2.307899344533209884e+00
8.949999999998743405e-01 1.605238846194428692e+00
9.049999999998741274e-01 -8.600345048578522666e-02
9.149999999998739142e-01 -1.405815848633761300e+00
9.249999999998737010e-01 -1.337049598043634546e+00
9.349999999998734879e-01 -2.141621669762983071e-01
9.449999999998732747e-01 7.680613576066963599e-01
9.549999999998730615e-01 9.551582233030905256e-01
9.649999999998728484e-01 9.255541128751261226e-01
9.749999999998726352e-01 1.690645842586090186e+00
9.849999999998724221e-01 3.349646056489927304e+00
9.949999999998722089e-01 4.783896373527383616e+00
1.004999999999871996e+00 4.783896373549047176e+00
1.014999999999871783e+00 3.349646056535821259e+00
1.024999999999871569e+00 1.690645842619740602e+00
1.034999999999871356e+00 9.255541128812176943e-01
1.044999999999871143e+00 9.551582233004914935e-01
1.054999999999870930e+00 7.680613576217549809e-01
1.064999999999870717e+00 -2.141621669442315135e-01
1.074999999999870504e+00 -1.337049598024044883e+00
1.084999999999870290e+00 -1.405815848651508437e+00
1.094999999999870077e+00 -8.600345053071120627e-02
1.104999999999869864e+00 1.605238846159326993e+00
1.114999999999869651e+00 2.307899344533804076e+00
1.124999999999869438e+00 1.707106781199578815e+00
1.134999999999869225e+00 7.465916875906782879e-01
1.144999999999869011e+00 4.560279447735737790e-01
1.154999999999868798e+00 7.583890496078619092e-01
1.164999999999868585e+00 6.281261924091466886e-01
1.174999999999868372e+00 -5.984951178758211032e-01
1.184999999999868159e+00 -2.296592359755468937e+00
1.194999999999867946e+00 -3.111119186398334957e+00
1.204999999999867732e+00 -2.394423131726147069e+00
1.214999999999867519e+00 -8.971045812980135148e-01
1.224999999999867306e+00 7.151095177665200975e-02
1.234999999999867093e+00 5.651201461616978117e-02
1.244999999999866880e+00 -1.565855600112805446e-01
1.254999999999866667e+00 4.050960312497324800e-01
1.264999999999866453e+00 1.652091707342776994e+00
1.274999999999866240e+00 2.448636069555424566e+00
1.284999999999866027e+00 1.891436163981426777e+00
1.294999999999865814e+00 3.833260468626384365e-01
1.304999999999865601e+00 -7.444872422268370427e-01
1.314999999999865388e+00 -6.511443910661136592e-01
1.324999999999865175e+00 1.560316337227754535e-01
1.334999999999864961e+00 4.848897259292879180e-01
1.344999999999864748e+00 -1.354282362108294169e-01
1.354999999999864535e+00 -9.254008403626086121e-01
1.364999999999864322e+00 -8.036324324352384085e-01
1.374999999999864109e+00 2.928932187962713374e-01
1.384999999999863896e+00 1.254368120480058302e+00
1.394999999999863682e+00 1.007441229344921751e+00
1.404999999999863469e+00 -2.857952847435440979e-01
1.414999999999863256e+00 -1.410317235936262348e+00
1.424999999999863043e+00 -1.456554895307382580e+00
1.434999999999862830e+00 -8.065598874733592716e-01
1.444999999999862617e+00 -6.315608725291630421e-01
1.454999999999862403e+00 -1.493757097412947044e+00
1.464999999999862190e+00 -2.669410953894579386e+00
1.474999999999861977e+00 -2.974724886447966732e+00
1.484999999999861764e+00 -2.142375268814346700e+00
1.494999999999861551e+00 -1.158074200285441613e+00
1.504999999999861338e+00 -1.158074200268370157e+00
1.514999999999861124e+00 -2.142375268782801712e+00
1.524999999999860911e+00 -2.974724886438537386e+00
1.534999999999860698e+00 -2.669410953919514995e+00
1.544999999999860485e+00 -1.493757097446941851e+00
1.554999999999860272e+00 -6.315608725391511635e-01
1.564999999999860059e+00 -8.065598874566457521e-01
1.574999999999859845e+00 -1.456554895294230434e+00
1.584999999999859632e+00 -1.410317235954007931e+00
1.594999999999859419e+00 -2.857952847834002719e-01
1.604999999999859206e+00 1.007441229319457676e+00
1.614999999999858993e+00 1.254368120492697969e+00
1.624999999999858780e+00 2.928932188313140839e-01
1.634999999999858566e+00 -8.036324324152871457e-01
1.644999999999858353e+00 -9.254008403754262480e-01
1.654999999999858140e+00 -1.354282362360928749e-01
1.664999999999857927e+00 4.848897259242688218e-01
1.674999999999857714e+00 1.560316337435505574e-01
1.684999999999857501e+00 -6.511443910484253639e-01
1.694999999999857287e+00 -7.444872422420630853e-01
1.704999999999857074e+00 3.833260468196948434e-01
1.714999999999856861e+00 1.891436163947700644e+00
1.724999999999856648e+00 2.448636069560315320e+00
1.734999999999856435e+00 1.652091707377290497e+00
1.744999999999856222e+00 4.050960312784270823e-01
1.754999999999856009e+00 -1.565855600092546096e-01
1.764999999999855795e+00 5.651201460752983130e-02
1.774999999999855582e+00 7.151095178869171232e-02
1.784999999999855369e+00 -8.971045812586553314e-01
1.794999999999855156e+00 -2.394423131689325857e+00
1.804999999999854943e+00 -3.111119186399363468e+00
1.814999999999854730e+00 -2.296592359796241656e+00
1.824999999999854516e+00 -5.984951179221540407e-01
1.834999999999854303e+00 6.281261923906606981e-01
1.844999999999854090e+00 7.583890496155343275e-01
1.854999999999853877e+00 4.560279447771877770e-01
1.864999999999853664e+00 7.465916875705078670e-01
1.874999999999853451e+00 1.707106781171915388e+00
1.884999999999853237e+00 2.307899344533157038e+00
1.894999999999853024e+00 1.605238846197353020e+00
1.904999999999852811e+00 -8.600345048203197895e-02
1.914999999999852598e+00 -1.405815848632283593e+00
1.924999999999852385e+00 -1.337049598045253251e+00
1.934999999999852172e+00 -2.141621669789612881e-01
1.944999999999851958e+00 7.680613576054378111e-01
1.954999999999851745e+00 9.551582233033163449e-01
1.964999999999851532e+00 9.255541128746196389e-01
1.974999999999851319e+00 1.690645842583291980e+00
1.984999999999851106e+00 3.349646056486108581e+00
1.994999999999850893e+00 4.783896373525576173e+00
2.004999999999850679e+00 4.783896373550851067e+00
2.014999999999850466e+00 3.349646056539665295e+00
2.024999999999850253e+00 1.690645842622540140e+00
2.034999999999850040e+00 9.255541128817330598e-01
2.044999999999849827e+00 9.551582233002627875e-01
2.054999999999849614e+00 7.680613576230079786e-01
2.064999999999849400e+00 -2.141621669415653129e-01
2.074999999999849187e+00 -1.337049598022419739e+00
2.084999999999848974e+00 -1.405815848652983480e+00
2.094999999999848761e+00 -8.600345053446908916e-02
2.104999999999848548e+00 1.605238846156394228e+00
2.114999999999848335e+00 2.307899344533850261e+00
2.124999999999848121e+00 1.707106781201716439e+00
2.134999999999847908e+00 7.465916875922393725e-01
2.144999999999847695e+00 4.560279447733033287e-01
2.154999999999847482e+00 7.583890496072707155e-01
2.164999999999847269e+00 6.281261924105795424e-01
2.174999999999847056e+00 -5.984951178722622833e-01
2.184999999999846843e+00 -2.296592359752335888e+00
2.194999999999846629e+00 -3.111119186398263903e+00
2.204999999999846416e+00 -2.394423131728998566e+00
2.214999999999846203e+00 -8.971045813010602998e-01
2.224999999999845990e+00 7.151095177572708295e-02
2.234999999999845777e+00 5.651201461683166838e-02
2.244999999999845564e+00 -1.565855600114514079e-01
2.254999999999845350e+00 4.050960312475238023e-01
2.264999999999845137e+00 1.652091707340121562e+00
2.274999999999844924e+00 2.448636069555043537e+00
2.284999999999844711e+00 1.891436163984051344e+00
2.294999999999844498e+00 3.833260468659359654e-01
2.304999999999844285e+00 -7.444872422256585409e-01
2.314999999999844071e+00 -6.511443910674672431e-01
2.324999999999843858e+00 1.560316337211484772e-01
2.334999999999843645e+00 4.848897259296830464e-01
2.344999999999843432e+00 -1.354282362089158087e-01
2.354999999999843219e+00 -9.254008403616046374e-01
2.364999999999843006e+00 -8.036324324367651872e-01
2.374999999999842792e+00 2.928932187935499587e-01
2.384999999999842579e+00 1.254368120479088189e+00
2.394999999999842366e+00 1.007441229346907052e+00
2.404999999999842153e+00 -2.857952847404863772e-01
2.414999999999841940e+00 -1.410317235934892111e+00
2.424999999999841727e+00 -1.456554895308390662e+00
2.434999999999841513e+00 -8.065598874746380265e-01
2.444999999999841300e+00 -6.315608725283948788e-01
2.454999999999841087e+00 -1.493757097410338019e+00
2.464999999999840874e+00 -2.669410953892645377e+00
2.474999999999840661e+00 -2.974724886448679051e+00
2.484999999999840448e+00 -2.142375268816804734e+00
2.494999999999840234e+00 -1.158074200286750788e+00
2.504999999999840021e+00 -1.158074200267075859e+00
2.514999999999839808e+00 -2.142375268780359221e+00
2.524999999999839595e+00 -2.974724886437797977e+00
2.534999999999839382e+00 -2.669410953921446339e+00
2.544999999999839169e+00 -1.493757097449563753e+00
2.554999999999838955e+00 -6.315608725399239898e-01
2.564999999999838742e+00 -8.065598874553623343e-01
2.574999999999838529e+00 -1.456554895293246332e+00
2.584999999999838316e+00 -1.410317235955376614e+00
2.594999999999838103e+00 -2.857952847864643209e-01
2.604999999999837890e+00 1.007441229317478371e+00
2.614999999999837677e+00 1.254368120493661198e+00
2.624999999999837463e+00 2.928932188340251930e-01
2.634999999999837250e+00 -8.036324324137515962e-01
2.644999999999837037e+00 -9.254008403764291124e-01
2.654999999999836824e+00 -1.354282362380169191e-01
2.664999999999836611e+00 4.848897259239021151e-01
2.674999999999836398e+00 1.560316337451565505e-01
2.684999999999836184e+00 -6.511443910470786633e-01
2.694999999999835971e+00 -7.444872422432364800e-01
2.704999999999835758e+00 3.833260468163919854e-01
2.714999999999835545e+00 1.891436163945097393e+00
2.724999999999835332e+00 2.448636069560718109e+00
2.734999999999835119e+00 1.652091707379900187e+00
2.744999999999834905e+00 4.050960312806465291e-01
2.754999999999834692e+00 -1.565855600090909627e-01
2.764999999999834479e+00 5.651201460685129074e-02
2.774999999999834266e+00 7.151095178962219023e-02
2.784999999999834053e+00 -8.971045812556179833e-01
2.794999999999833840e+00 -2.394423131686500117e+00
2.804999999999833626e+00 -3.111119186399442960e+00
2.814999999999833413e+00 -2.296592359799378258e+00
2.824999999999833200e+00 -5.984951179257046450e-01
2.834999999999832987e+00 6.281261923892376142e-01
2.844999999999832774e+00 7.583890496161025396e-01
2.854999999999832561e+00 4.560279447774824302e-01
2.864999999999832347e+00 7.465916875689567744e-01
2.874999999999832134e+00 1.707106781169762888e+00
2.884999999999831921e+00 2.307899344533125507e+00
2.894999999999831708e+00 1.605238846200264913e+00
2.904999999999831495e+00 -8.600345047828289458e-02
2.914999999999831282e+00 -1.405815848630797005e+00
2.924999999999831068e+00 -1.337049598046910592e+00
2.934999999999830855e+00 -2.141621669816306528e-01
2.944999999999830642e+00 7.680613576041902535e-01
2.954999999999830429e+00 9.551582233035091907e-01
2.964999999999830216e+00 9.255541128741211487e-01
2.974999999999830003e+00 1.690645842580484226e+00
2.984999999999829789e+00 3.349646056482274314e+00
2.994999999999829576e+00 4.783896373523760737e+00
3.004999999999829363e+00 4.783896373552651404e+00
3.014999999999829150e+00 3.349646056543516881e+00
3.024999999999828937e+00 1.690645842625345674e+00
3.034999999999828724e+00 9.255541128822269981e-01
3.044999999999828511e+00 9.551582233000587285e-01
3.054999999999828297e+00 7.680613576242779628e-01
3.064999999999828084e+00 -2.141621669388679150e-01
3.074999999999827871e+00 -1.337049598020785268e+00
3.084999999999827658e+00 -1.405815848654456524e+00
3.094999999999827445e+00 -8.600345053820995789e-02
3.104999999999827232e+00 1.605238846153466792e+00
3.114999999999827018e+00 2.307899344533914210e+00
3.124999999999826805e+00 1.707106781203802104e+00
3.134999999999826592e+00 7.465916875937895769e-01
3.144999999999826379e+00 4.560279447730241076e-01
3.154999999999826166e+00 7.583890496066576503e-01
3.164999999999825953e+00 6.281261924120080664e-01
3.174999999999825739e+00 -5.984951178686788165e-01
3.184999999999825526e+00 -2.296592359749213497e+00
3.194999999999825313e+00 -3.111119186398187964e+00
3.204999999999825100e+00 -2.394423131731832299e+00
3.214999999999824887e+00 -8.971045813040626760e-01
3.224999999999824674e+00 7.151095177481070486e-02
3.234999999999824460e+00 5.651201461748178723e-02
3.244999999999824247e+00 -1.565855600115876323e-01
3.254999999999824034e+00 4.050960312453266710e-01
3.264999999999823821e+00 1.652091707337450588e+00
3.274999999999823608e+00 2.448636069554675387e+00
3.284999999999823395e+00 1.891436163986614183e+00
3.294999999999823181e+00 3.833260468692579193e-01
3.304999999999822968e+00 -7.444872422244801502e-01
3.314999999999822755e+00 -6.511443910688404779e-01
3.324999999999822542e+00 1.560316337195877257e-01
3.334999999999822329e+00 4.848897259300720686e-01
3.344999999999822116e+00 -1.354282362069642032e-01
3.354999999999821902e+00 -9.254008403606135413e-01
3.364999999999821689e+00 -8.036324324383076201e-01
3.374999999999821476e+00 2.928932187908778184e-01
3.384999999999821263e+00 1.254368120478101201e+00
3.394999999999821050e+00 1.007441229348829292e+00
3.404999999999820837e+00 -2.857952847374135574e-01
3.414999999999820623e+00 -1.410317235933524316e+00
3.424999999999820410e+00 -1.456554895309414732e+00
3.434999999999820197e+00 -8.065598874759489778e-01
3.444999999999819984e+00 -6.315608725276333768e-01
3.454999999999819771e+00 -1.493757097407715673e+00
3.464999999999819558e+00 -2.669410953890741567e+00
3.474999999999819345e+00 -2.974724886449401140e+00
3.484999999999819131e+00 -2.142375268819200151e+00
3.494999999999818918e+00 -1.158074200288075506e+00
3.504999999999818705e+00 -1.158074200265750919e+00
3.514999999999818492e+00 -2.142375268777910513e+00
3.524999999999818279e+00 -2.974724886437052795e+00
3.534999999999818066e+00 -2.669410953923327057e+00
3.544999999999817852e+00 -1.493757097452214966e+00
3.554999999999817639e+00 -6.315608725407052537e-01
3.564999999999817426e+00 -8.065598874540644836e-01
3.574999999999817213e+00 -1.456554895292226703e+00
3.584999999999817000e+00 -1.410317235956734416e+00
3.594999999999816787e+00 -2.857952847895713910e-01
3.604999999999816573e+00 1.007441229315522602e+00
3.614999999999816360e+00 1.254368120494628869e+00
3.624999999999816147e+00 2.928932188366822897e-01
3.634999999999815934e+00 -8.036324324122066098e-01
3.644999999999815721e+00 -9.254008403773854585e-01
3.654999999999815508e+00 -1.354282362400013318e-01
3.664999999999815294e+00 4.848897259235128709e-01
3.674999999999815081e+00 1.560316337467830272e-01
3.684999999999814868e+00 -6.511443910456939932e-01
3.694999999999814655e+00 -7.444872422443938875e-01
3.704999999999814442e+00 3.833260468130583187e-01
3.714999999999814229e+00 1.891436163942513904e+00
3.724999999999814015e+00 2.448636069561092921e+00
3.734999999999813802e+00 1.652091707382594477e+00
3.744999999999813589e+00 4.050960312828675303e-01
3.754999999999813376e+00 -1.565855600089476329e-01
3.764999999999813163e+00 5.651201460620916550e-02
3.774999999999812950e+00 7.151095179055011464e-02
3.784999999999812736e+00 -8.971045812526039498e-01
3.794999999999812523e+00 -2.394423131683635297e+00
3.804999999999812310e+00 -3.111119186399533110e+00
3.814999999999812097e+00 -2.296592359802543282e+00
3.824999999999811884e+00 -5.984951179293022117e-01
3.834999999999811671e+00 6.281261923878207476e-01
3.844999999999811457e+00 7.583890496167369211e-01
3.854999999999811244e+00 4.560279447777286776e-01
3.864999999999811031e+00 7.465916875673853648e-01
3.874999999999810818e+00 1.707106781167669451e+00
3.884999999999810605e+00 2.307899344533081543e+00
3.894999999999810392e+00 1.605238846203223879e+00
3.904999999999810179e+00 -8.600345047449534097e-02
3.914999999999809965e+00 -1.405815848629320630e+00
3.924999999999809752e+00 -1.337049598048505317e+00
3.934999999999809539e+00 -2.141621669843211673e-01
3.944999999999809326e+00 7.680613576029378109e-01
3.954999999999809113e+00 9.551582233037594349e-01
3.964999999999808900e+00 9.255541128736000100e-01
3.974999999999808686e+00 1.690645842577657154e+00
3.984999999999808473e+00 3.349646056478433831e+00
3.994999999999808260e+00 4.783896373521969281e+00
4.004999999999808047e+00 4.783896373554473946e+00
4.014999999999807834e+00 3.349646056547302742e+00
4.024999999999807621e+00 1.690645842628148321e+00
4.034999999999807407e+00 9.255541128827529107e-01
4.044999999999807194e+00 9.551582232998137023e-01
4.054999999999806981e+00 7.680613576255329589e-01
4.064999999999806768e+00 -2.141621669361706837e-01
4.074999999999806555e+00 -1.337049598019137697e+00
4.084999999999806342e+00 -1.405815848655938893e+00
4.094999999999806128e+00 -8.600345054196426031e-02
4.104999999999805915e+00 1.605238846150550458e+00
4.114999999999805702e+00 2.307899344533957731e+00
4.124999999999805489e+00 1.707106781205962598e+00
4.134999999999805276e+00 7.465916875953620968e-01
4.144999999999805063e+00 4.560279447727401125e-01
4.154999999999804849e+00 7.583890496061153064e-01
4.164999999999804636e+00 6.281261924134141639e-01
4.174999999999804423e+00 -5.984951178651258807e-01
4.184999999999804210e+00 -2.296592359746046697e+00
4.194999999999803997e+00 -3.111119186398100922e+00
4.204999999999803784e+00 -2.394423131734680243e+00
4.214999999999803570e+00 -8.971045813071121255e-01
4.224999999999803357e+00 7.151095177387634116e-02
4.234999999999803144e+00 5.651201461816934835e-02
4.244999999999802931e+00 -1.565855600117754820e-01
4.254999999999802718e+00 4.050960312430984533e-01
4.264999999999802505e+00 1.652091707334829129e+00
4.274999999999802291e+00 2.448636069554263717e+00
4.284999999999802078e+00 1.891436163989233421e+00
4.294999999999801865e+00 3.833260468725815384e-01
4.304999999999801652e+00 -7.444872422233330678e-01
4.314999999999801439e+00 -6.511443910701637527e-01
4.324999999999801226e+00 1.560316337179744606e-01
4.334999999999801013e+00 4.848897259304507656e-01
4.344999999999800799e+00 -1.354282362049769317e-01
4.354999999999800586e+00 -9.254008403596573062e-01
4.364999999999800373e+00 -8.036324324398606000e-01
4.374999999999800160e+00 2.928932187881715943e-01
4.384999999999799947e+00 1.254368120477124871e+00
4.394999999999799734e+00 1.007441229350800826e+00
4.404999999999799520e+00 -2.857952847343737113e-01
4.414999999999799307e+00 -1.410317235932174285e+00
4.424999999999799094e+00 -1.456554895310388176e+00
4.434999999999798881e+00 -8.065598874772472726e-01
4.444999999999798668e+00 -6.315608725268578860e-01
4.454999999999798455e+00 -1.493757097405054246e+00
4.464999999999798241e+00 -2.669410953888833316e+00
4.474999999999798028e+00 -2.974724886450141881e+00
4.484999999999797815e+00 -2.142375268821630652e+00
4.494999999999797602e+00 -1.158074200289370026e+00
4.504999999999797389e+00 -1.158074200264426423e+00
4.514999999999797176e+00 -2.142375268775516872e+00
4.524999999999796962e+00 -2.974724886436346694e+00
4.534999999999796749e+00 -2.669410953925263286e+00
4.544999999999796536e+00 -1.493757097454776472e+00
4.554999999999796323e+00 -6.315608725414584290e-01
4.564999999999796110e+00 -8.065598874527613038e-01
4.574999999999795897e+00 -1.456554895291207519e+00
4.584999999999795683e+00 -1.410317235958087112e+00
4.594999999999795470e+00 -2.857952847925671058e-01
4.604999999999795257e+00 1.007441229313521314e+00
4.614999999999795044e+00 1.254368120495621630e+00
4.624999999999794831e+00 2.928932188394137159e-01
4.634999999999794618e+00 -8.036324324106945971e-01
4.644999999999794404e+00 -9.254008403783419157e-01
4.654999999999794191e+00 -1.354282362419616248e-01
4.664999999999793978e+00 4.848897259231011447e-01
4.674999999999793765e+00 1.560316337483369509e-01
4.684999999999793552e+00 -6.511443910443708294e-01
4.694999999999793339e+00 -7.444872422455794947e-01
4.704999999999793125e+00 3.833260468097487439e-01
4.714999999999792912e+00 1.891436163939894000e+00
4.724999999999792699e+00 2.448636069561443307e+00
4.734999999999792486e+00 1.652091707385215491e+00
4.744999999999792273e+00 4.050960312851064060e-01
4.754999999999792060e+00 -1.565855600087902033e-01
4.764999999999791847e+00 5.651201460553770262e-02
4.774999999999791633e+00 7.151095179147870518e-02
4.784999999999791420e+00 -8.971045812495895833e-01
4.794999999999791207e+00 -2.394423131680775807e+00
4.804999999999790994e+00 -3.111119186399591729e+00
4.814999999999790781e+00 -2.296592359805623929e+00
4.824999999999790568e+00 -5.984951179328561466e-01
4.834999999999790354e+00 6.281261923863967755e-01
4.844999999999790141e+00 7.583890496173358864e-01
4.854999999999789928e+00 4.560279447780424267e-01
4.864999999999789715e+00 7.465916875658509255e-01
4.874999999999789502e+00 1.707106781165578679e+00
4.884999999999789289e+00 2.307899344532994057e+00
4.894999999999789075e+00 1.605238846206148207e+00
4.904999999999788862e+00 -8.600345047076957128e-02
4.914999999999788649e+00 -1.405815848627838482e+00
4.924999999999788436e+00 -1.337049598050213728e+00
4.934999999999788223e+00 -2.141621669870186206e-01
4.944999999999788010e+00 7.680613576016711574e-01
4.954999999999787796e+00 9.551582233039483949e-01
4.964999999999787583e+00 9.255541128730458977e-01
4.974999999999787370e+00 1.690645842574852731e+00
4.984999999999787157e+00 3.349646056474589351e+00
4.994999999999786944e+00 4.783896373520153844e+00
